11
12
13
14
15
21
22
23
24
25
31
32
33
34
35
41
42
43
44
45
51
52
53
54
55
61
62
63
64
65
71
72
73
74
75
81
82
83
84
85
91
92
93
94
95
101
102
103
104
105
111
112
113
114
115
121
122
123
124
125
131
132
133
134
135
141
142
143
144
145
151
152
153
154
155
161
162
163
164
165
171
172
173
174
175
181
182
183
184
185
191
192
193
194
195
201
202
203
204
205
211
212
213
214
215
221
222
223
224
225
231
232
233
234
235
241
242
243
244
245
251
252
253
254
255
261
262
263
264
265
271
272
273
274
275
281
282
283
284
285
291
292
293
294
295
301
302
303
304
305
311
312
313
314
315
321
322
323
324
325
331
332
333
334
335
341
342
343
344
345
351
352
353
354
355
361
362
363
364
365
371
372
373
374
375
381
382
383
384
385
391
392
393
394
395
401
402
403
404
405
411
412
413
414
415
421
422
423
424
425
431
432
433
434
435
441
442
443
444
445
451
452
453
454
455
461
462
463
464
465
471
472
473
474
475
481
482
483
484
485
491
492
493
494
495
501
502
503
504
505
511
512
513
514
515
521
522
523
524
525
531
532
533
534
535
541
542
543
544
545
551
552
553
554
555
561
562
563
564
565
571
572
573
574
575
581
582
583
584
585
591
592
593
594
595
601
602
603
604
605
611
612
613
614
615
621
622
623
624
625
631
632
633
634
635
641
642
643
644
645
651
652
653
654
655
661
662
663
664
665
671
672
673
674
675
681
682
683
684
685
691
692
693
694
695
701
702
703
704
705
711
712
713
714
715
721
722
723
724
725
731
732
733
734
735
741
742
743
744
745
751
752
753
754
755
761
762
763
764
765
771
772
773
774
775
781
782
783
784
785
791
792
793
794
795
801
802
803
804
805
811
812
813
814
815
