0 558 171 86 72
+90 (553) 424 77 12
0 (558) 401 96 37
0 538 599 37 02
0 (547) 247 30 50
0 550 653 10 49
+905027332059
0 (531) 616 88 17
+90 537 362 21 36
+90 (540) 298 78 37
+90 558 278 79 57
+905052994823
0 553 645 26 55
0 (503) 231 83 35
+90 557 507 54 11
05484964581
+905390329019
+90 506 990 46 32
0 533 069 62 95
0 536 318 51 21
05397557323
05530347029
+90 (543) 668 63 59
0 531 267 21 26
+90 538 559 17 50
0 (554) 753 07 27
+905435589027
05037641260
0 502 374 85 17
+90 534 476 91 74
05023783184
+90 500 626 81 43
0 (505) 454 16 90
+90 (547) 068 84 97
+90 (504) 168 79 46
0 533 253 80 47
+90 507 108 34 30
0 541 084 89 61
05520667960
0 (534) 241 28 09
05313177358
+90 534 271 31 26
0 533 245 13 07
0 549 452 87 97
+90 546 968 48 65
0 (550) 312 14 56
0 540 953 66 66
05349599251
0 (543) 147 32 80
0 548 775 64 92
0 543 064 54 51
+90 (554) 296 39 46
05471165212
0 (550) 058 03 97
0 (539) 246 40 27
0 506 969 05 19
0 538 096 88 87
+90 (507) 987 13 57
+90 536 426 15 03
+90 (507) 503 49 47
0 (538) 814 13 17
+90 502 916 90 48
+905098163573
05324806974
+90 538 221 34 89
+90 545 452 80 84
05031146458
+90 (550) 517 40 72
0 532 404 28 84
05344020969
+905446119671
0 509 244 01 22
0 (533) 022 62 30
0 (550) 083 21 72
0 557 937 16 60
+905514316433
+90 (536) 785 09 06
+90 500 186 58 40
0 531 122 34 68
+905484638239
05330026366
05498161440
0 (508) 315 42 90
+905522659484
+90 (547) 739 40 17
0 (544) 957 80 94
+90 531 680 39 91
05078649713
0 509 716 96 91
05078386918
05031588935
05542038047
0 (558) 925 07 62
0 535 098 62 07
+90 (503) 247 98 39
+905357598247
+905511944550
05586035127
0 (559) 044 32 38
+90 549 695 67 22
+905350489249
+90 534 112 44 97
05566989630
05509460055
+905055804758
0 (505) 897 12 73
+90 (508) 310 20 14
05453961719
0 552 959 93 02
+905051767810
05390165426
+90 536 638 70 75
0 555 468 50 92
+905357044664
+90 535 445 91 28
+90 536 924 07 98
+90 (555) 728 20 41
+90 503 422 81 17
+905509152144
+905537525697
+90 (532) 818 18 44
0 558 667 60 41
+90 (557) 194 92 78
+905472186161
+90 535 019 41 09
+90 (550) 126 83 32
0 (551) 178 06 69
+905054890650
05037321884
+90 (551) 886 46 66
+90 536 273 36 17
0 552 839 55 91
+905064989920
+90 505 930 75 84
+90 537 453 98 61
0 (557) 330 97 07
+90 503 048 56 23
0 532 398 72 64
05543218548
+90 551 141 75 91
+905336130132
0 (543) 346 81 33
0 (538) 265 57 50
0 (540) 302 17 13
+905454790558
0 540 169 87 63
0 (546) 861 72 14
+905368107950
0 (536) 319 29 95
05027066889
0 (533) 684 44 54
05377813157
05414339364
05513973004
05041406491
+90 (558) 631 52 96
0 (555) 000 97 85
+90 533 311 93 71
0 (559) 209 02 51
0 539 589 23 18
05318208378
+90 (502) 399 28 18
0 540 327 77 28
05448351529
+90 500 649 41 81
0 (552) 313 99 69
0 552 132 47 95
0 558 673 05 19
0 553 940 91 93
+90 536 526 93 41
0 534 462 78 46
0 533 250 75 96
+905371749627
05032541280
05478275463
+90 (507) 048 03 31
+90 (506) 488 77 84
05451135036
+905362606117
0 (500) 655 36 70
+905432761329
0 542 106 84 47
+90 559 567 81 47
+90 555 319 96 60
0 550 593 67 80
+905331940731
+905040832817
0 (549) 896 41 03
05392243660
05435769176
05416721729
05387221495
05487436302
+90 506 657 95 80
05419010514
+905485311769
05508352724
+905082991909
+90 (548) 196 46 11
0 (559) 418 51 91
0 (552) 235 67 29
+905495469813
0 (533) 811 59 55
+90 549 151 30 44
05485892634
0 (508) 557 75 72
+905463510038
+90 (553) 878 64 56
05024232498
+905595372295
+905307110560
05310736718
0 (509) 945 87 75
+905373578264
0 (559) 488 78 40
0 (556) 083 14 96
+90 (559) 666 15 68
+905049769704
05489899056
+90 (548) 992 69 97
+905346456479
+905512797488
+905482475497
05391778448
05026282358
+905051601588
+905585110863
0 (540) 079 42 72
05071617576
+90 (545) 068 66 99
+90 (535) 094 77 27
+905058043745
0 551 544 65 41
+905536577343
+90 (557) 644 05 98
+90 (533) 313 01 42
+90 (549) 699 38 21
0 539 923 16 62
0 553 007 56 32
+90 547 787 03 69
05398444308
0 (531) 389 49 77
0 539 619 39 72
+905544041665
+905535873457
0 (531) 369 12 57
05526844247
05564097077
+905378308324
0 (508) 389 04 52
0 (544) 322 69 19
+905526554889
+90 (547) 205 29 50
05403488670
+905004961218
0 508 395 41 10
+90 543 779 57 25
0 (551) 621 68 86
05489753787
0 (538) 853 52 10
+90 (556) 083 97 17
+905005277539
+90 552 836 32 66
05516117551
+90 (503) 058 52 84
+90 (543) 746 22 53
+905426671176
05387186932
05097394250
0 504 109 60 66
0 546 608 82 28
0 (554) 809 58 94
+905471869049
0 537 465 55 49
+905578008316
+90 (544) 839 03 06
05433195228
0 530 139 92 20
+90 544 079 93 26
+90 541 535 25 04
+90 (556) 996 09 68
+90 547 961 49 90
+90 (552) 542 11 60
+905391385638
0 (535) 036 72 88
+90 534 218 54 00
+90 537 241 61 52
0 (506) 582 41 71
+905055421787
+90 (551) 492 07 62
0 (552) 018 28 51
+90 (535) 919 69 34
+905324752559
05473540985
+905333661380
+90 (531) 043 32 32
05005726073
05544274343
0 508 486 23 93
+90 (507) 680 07 56
0 505 711 17 69
+90 (544) 522 60 26
05088591899
0 (539) 531 81 68
+90 500 551 75 74
0 (502) 650 89 38
+90 551 540 55 35
+90 537 031 15 80
0 536 743 83 87
+90 505 567 89 81
+90 545 550 43 59
+90 502 668 05 48
+905029951868
+90 (540) 585 97 69
05596174836
+90 542 529 66 03
05402082389
+90 (531) 229 89 46
0 537 667 37 99
05529104806
05582584739
+90 (539) 723 42 50
+90 532 053 76 66
+90 (543) 840 55 25
0 (539) 415 14 63
+90 507 494 49 69
05323284012
05446639435
0 (501) 427 97 86
+90 (531) 691 67 19
+90 (533) 296 95 76
05058917737
0 506 356 53 71
+90 543 519 06 55
+905372158413
+905087916316
+905456604919
+90 550 995 65 40
+905073221541
+90 552 460 45 02
0 (537) 799 71 37
+90 508 610 70 34
+905427427503
05400521108
0 559 003 82 48
+905303750887
0 (539) 821 94 20
05458159703
+90 (540) 570 11 85
05317360288
0 (555) 842 91 36
0 531 236 23 89
05069027682
+90 (504) 793 84 42
0 (508) 824 52 80
05025592960
05405860929
0 (500) 602 70 02
+905086129211
0 (503) 607 74 34
0 543 531 37 50
+905581652458
+905365836665
+905378639534
05303418207
0 (505) 211 39 75
0 (509) 588 28 16
+905561910206
+905087315828
0 (547) 581 05 48
+905424318392
05077352793
+905542610404
05451302244
+905343508137
0 (554) 881 56 21
05445432128
+905385175997
0 536 357 49 10
+90 (556) 976 19 78
05491181351
0 533 526 23 79
+90 (550) 354 84 28
+90 (544) 842 88 06
0 503 217 13 91
0 551 437 60 97
+905490982802
+905013914266
+905010559997
0 (500) 341 78 60
0 556 536 58 20
+905347484509
+90 508 407 51 71
0 530 104 20 03
0 (534) 011 08 18
+90 (538) 808 63 50
05490958585
+90 555 092 26 44
0 545 140 27 22
0 547 913 64 19
0 502 904 92 80
+905535659619
05396396609
+90 532 647 40 53
0 502 021 94 75
0 (505) 931 29 51
0 557 450 56 91
+90 (552) 464 51 99
0 500 291 24 85
0 (538) 445 44 73
+90 546 146 94 54
+905575552363
+90 (557) 835 16 95
0 (555) 926 86 52
0 551 114 20 14
05011794781
+90 (535) 081 48 36
+90 548 249 28 08
0 (548) 054 32 25
0 (551) 515 39 02
+905480255842
0 501 436 35 66
0 (544) 235 44 71
0 507 079 18 69
0 557 241 42 95
+90 555 333 05 88
05388416236
0 (551) 040 26 25
05075738048
0 (553) 975 95 86
+90 (531) 308 80 95
+90 (501) 727 84 93
0 550 935 07 36
+90 (547) 331 89 53
+90 (541) 670 65 54
+905363027143
+905501620218
0 (537) 461 83 68
0 (558) 987 10 00
+90 (551) 514 40 39
+90 (501) 449 16 26
0 506 413 52 71
+905319782504
05344908609
+905496319753
0 (508) 675 19 96
05086934471
05036114076
+905312512234
0 (555) 993 02 27
05332498443
0 (556) 131 90 66
+905489241611
05474110694
05552951049
05485435912
05340016393
0 (557) 309 80 34
+905564118476
0 545 504 37 28
+905450974553
+90 (536) 943 73 18
05527226363
0 (554) 536 10 10
+90 540 688 54 89
05326726750
+905373946172
05496852554
+90 535 551 21 01
+90 (552) 080 98 69
+905525632391
+90 508 764 88 69
+90 (533) 685 27 82
05034726546
+905000559572
0 544 582 52 20
0 541 813 91 28
0 (531) 438 73 36
+90 (536) 436 29 66
05332540990
+905449638782
+905499341244
05587563686
+90 542 040 87 23
+905012422573
+90 (548) 369 51 79
0 (508) 418 11 50
0 (548) 927 99 85
05518216835
+905489714325
0 (559) 406 79 36
+90 (548) 415 82 75
+90 (555) 363 13 09
+905466488403
+90 557 034 97 32
+90 (549) 339 63 89
0 556 422 86 89
0 (546) 466 90 77
+90 502 682 99 63
0 543 425 03 16
+90 (503) 022 19 41
+905461639012
+90 551 161 52 03
05390374107
+905341372786
0 (505) 226 29 02
0 (501) 144 32 47
0 540 080 07 14
+90 533 333 01 15
0 531 737 97 05
0 542 380 09 24
+90 (536) 736 46 46
+905048798396
0 551 372 53 31
+90 532 368 74 55
0 (508) 884 96 06
+905008873823
+905032974851
05591021104
+90 (538) 890 39 02
05033874522
+90 (508) 297 48 22
+90 536 507 82 89
+905344227204
+90 (559) 259 99 76
+905025536732
+90 508 009 89 55
+90 (550) 928 68 20
+90 536 712 88 39
0 556 212 60 00
0 (538) 580 36 91
0 506 635 61 80
05585745964
+905013088224
+90 (544) 290 27 05
05560107295
+90 (532) 530 61 84
+905422188922
+90 (554) 335 52 91
+90 539 733 94 86
+90 (557) 115 89 38
+905308751361
+90 537 608 52 43
+90 (545) 565 76 68
+90 (559) 338 91 85
+90 534 425 26 08
0 550 839 78 28
05503793718
+90 534 087 68 95
0 546 109 53 10
+905037818692
05093735781
05453394959
+90 552 131 98 93
0 (502) 666 44 01
0 (559) 025 41 75
+90 532 708 97 57
0 549 902 19 67
+905467192033
+90 558 318 59 64
05394234964
+90 554 206 05 65
0 (531) 846 49 11
+90 (502) 992 16 71
0 (544) 853 54 03
0 (507) 120 34 05
+90 (530) 902 61 95
+90 534 036 08 59
+905406007533
0 (538) 952 48 06
+90 535 140 46 57
0 (501) 327 45 02
+90 532 572 50 16
05352635695
05496932620
05443008636
+905016441326
05025088875
+90 551 055 57 11
0 548 615 98 53
+90 547 884 63 76
0 541 792 73 62
+90 535 411 73 70
05509669052
+90 (546) 086 91 83
0 (556) 236 89 64
0 500 112 03 59
+905506630185
0 501 832 47 23
+90 (550) 853 58 71
+905447188622
+90 (509) 510 42 43
+90 500 201 75 08
0 531 962 08 98
+90 558 706 55 48
0 548 694 35 36
+90 (504) 843 56 36
+90 (558) 893 67 08
+905510967095
+90 548 577 94 63
0 (542) 048 44 63
+90 507 371 83 78
+905003080959
+905007542829
+905497680651
0 (537) 007 42 06
+90 555 970 93 41
0 (545) 263 71 95
05068038289
+905004205652
+90 538 077 26 37
+90 531 418 56 02
+905500506510
+905007313484
+90 543 642 78 94
+905568055952
+905503013525
0 551 089 75 28
+905481645945
0 550 330 42 93
+90 548 358 97 98
05312299293
0 502 169 54 60
0 533 733 92 87
0 (533) 624 82 77
0 559 326 56 63
+90 (540) 880 32 61
+90 554 821 70 62
0 (546) 567 54 52
+905489125758
0 (546) 686 97 21
0 (504) 589 17 48
+90 540 243 75 25
0 (530) 590 63 72
0 (551) 392 74 77
+905007448993
+905314663602
0 (559) 654 08 96
+90 (502) 012 45 20
0 551 527 44 10
05319796491
+905514939533
+90 550 658 12 17
+90 (540) 251 38 80
+905554442186
+90 (505) 941 79 97
0 (534) 215 04 00
0 503 445 59 67
05340839585
+90 543 551 52 17
0 531 800 60 32
+905453953293
05333209606
+90 554 541 99 80
0 (546) 602 88 65
+90 542 033 27 77
0 507 310 55 38
+90 (555) 081 12 85
05429048889
0 (508) 655 76 61
+905337281443
+905061792416
+90 546 063 69 24
+905366167163
+90 542 225 35 20
05537166860
0 (532) 994 15 64
05413350797
+90 506 673 20 39
+90 (541) 368 31 17
0 (505) 865 72 99
+90 544 143 05 12
0 550 881 44 95
+905096118583
+90 550 126 38 76
+90 (505) 859 19 27
05314632720
+90 558 006 60 85
0 539 727 40 27
+90 550 114 85 93
0 542 095 68 37
0 (533) 742 56 28
0 (548) 414 19 20
+905301830610
+90 (500) 805 60 98
+90 (548) 018 21 38
0 (556) 615 81 86
+90 (531) 002 84 90
+90 (535) 408 49 23
05491514552
+90 (530) 027 38 34
0 (544) 018 10 75
05004546069
0 (555) 122 47 67
0 506 751 16 08
0 (550) 001 60 72
+90 532 884 06 15
+905528958376
0 (551) 051 84 62
+905484158415
05549662852
0 532 077 51 04
+905361523618
0 (545) 937 42 72
0 544 271 53 94
+90 (501) 510 08 21
+90 (546) 492 18 05
0 545 486 75 86
0 540 276 71 10
+905533379315
+90 (554) 737 30 70
+905357186424
05455164821
0 (543) 723 41 21
0 (541) 526 43 88
0 546 161 49 35
0 551 506 01 69
0 (508) 083 37 94
+90 (557) 552 24 20
0 532 339 82 84
05080995543
+90 504 838 24 65
+90 550 834 86 48
+90 (553) 868 74 49
05045588195
0 (543) 906 03 17
+90 555 025 44 69
0 541 054 32 38
05539631688
+90 (532) 273 41 70
0 (532) 975 80 54
+905498836759
05460531215
0 (549) 291 82 19
+905500580404
+90 504 820 58 77
+90 (545) 103 86 63
0 (507) 743 58 21
0 (509) 850 68 74
+90 543 503 27 60
+90 (532) 623 92 86
0 504 361 56 50
+905426487665
0 500 327 61 07
+90 (542) 773 92 76
0 555 378 56 01
+90 555 063 51 35
05513509447
+905082422150
05019963797
0 548 777 82 17
+905496981564
+90 558 514 96 93
0 543 432 62 93
+90 530 412 70 76
05008587422
+905068785207
+905031801153
+90 542 310 68 65
+905552810516
05411626767
+90 (541) 296 92 12
+905325347023
+90 553 215 24 21
0 (555) 766 16 99
05590098001
+90 (552) 209 48 24
+905450979716
+905536608241
+905543520230
0 (536) 938 40 99
+905043267693
0 (508) 724 99 48
+90 559 491 18 24
05458079622
05090108416
05396055185
+905502166135
+905500159311
+90 (539) 344 05 25
0 545 307 27 59
05004253031
05539148205
+90 (557) 077 54 95
05306867772
+90 (546) 213 32 81
0 (541) 494 29 79
+90 540 523 56 07
0 552 643 60 31
05051025517
+90 (535) 216 62 71
0 (531) 387 04 35
0 (545) 678 32 76
05487194607
05524960188
+90 (547) 618 11 20
05484765066
+90 539 398 74 83
+90 (550) 437 87 24
+90 502 560 01 36
05373242418
0 540 646 90 18
+90 (500) 113 94 03
0 542 619 46 27
0 501 623 64 74
+90 (503) 061 09 95
+90 (543) 113 74 29
+90 (543) 529 01 80
0 (501) 473 20 51
0 (507) 692 18 78
05096338371
0 546 037 03 19
05427433407
+90 (543) 960 88 85
+90 (531) 237 40 73
+905018372104
0 534 349 01 48
+905585729995
05096274025
05330651363
+90 (538) 052 57 41
+90 (509) 258 61 88
05359159611
0 (545) 784 03 79
0 (550) 553 85 38
+90 552 767 39 10
0 (533) 535 56 33
0 (554) 437 46 45
0 (537) 434 78 09
0 (506) 317 86 22
+90 533 015 07 72
0 (545) 187 13 18
0 (535) 208 63 86
+90 (508) 461 79 85
+90 (558) 166 28 89
+90 544 900 46 49
0 (502) 501 70 75
+905432734872
0 (535) 677 36 33
+90 543 334 45 47
+90 (507) 104 89 07
05429338696
0 (534) 393 25 73
+905017854350
+90 (506) 209 18 80
+905328405170
+905559491783
+90 551 380 17 46
0 503 563 12 19
05583998721
+90 (509) 179 11 13
05489311285
+90 531 365 57 90
0 537 865 17 67
0 (531) 317 47 18
05056599975
+90 557 060 69 90
0 542 538 88 57
+90 (554) 233 75 69
0 (531) 928 82 74
+90 (540) 725 60 57
0 550 965 12 91
05406821988
+905091522653
+905362975361
0 (542) 771 21 50
0 (501) 342 79 57
+905347452287
+90 (556) 799 51 19
0 507 212 67 72
05047608958
+90 (546) 072 86 64
0 (558) 409 30 61
0 (557) 483 19 55
+90 (505) 414 98 20
0 509 129 59 06
+905373948993
05445704542
05325392847
0 557 887 22 33
0 (558) 579 74 67
+905066884942
+905089245515
+905461885520
05354357601
0 505 403 46 03
0 (503) 120 13 68
+90 544 511 80 69
+90 (541) 402 23 08
05526719915
+90 (504) 613 42 66
+905455634197
0 540 583 92 14
05300635836
05306377504
0 (536) 142 59 44
0 (530) 217 78 31
+905389619193
+905035383211
0 (503) 260 43 99
+90 557 781 54 53
+905065099248
+90 557 700 46 28
0 552 726 37 60
05497795246
+90 (507) 697 83 48
0 (508) 947 31 08
05033758370
0 (547) 493 56 91
0 (542) 688 27 65
+90 530 911 75 12
0 (504) 541 00 89
05003544673
0 (559) 607 22 09
05009031791
05572612705
+90 547 119 29 56
+905328131414
05455182673
+90 507 876 90 02
0 544 806 04 89
+90 (550) 928 99 77
+90 (532) 569 35 60
+90 505 231 39 71
0 539 877 41 19
+90 (555) 941 22 38
05552461435
0 (559) 061 82 22
0 (556) 427 38 02
+90 (556) 265 38 52
0 545 631 07 38
+90 547 486 43 06
0 (545) 457 40 55
0 559 928 46 48
0 (546) 901 20 90
+905471755613
+90 556 661 88 73
0 508 828 70 90
0 (538) 597 97 68
+905578400758
0 503 476 50 26
+90 (500) 882 38 69
0 545 546 06 61
+905465059412
05045228286
+90 535 904 49 30
0 (542) 254 76 70
+90 (535) 484 38 21
+90 (555) 499 10 92
05491502282
+905594966048
0 503 125 28 96
0 (544) 143 90 33
05440808515
+90 (541) 140 78 54
+90 (539) 148 54 28
+90 (532) 008 81 42
0 (500) 364 46 76
0 (532) 977 09 52
05420575977
+90 (547) 544 50 70
+90 (550) 919 61 04
+905036121897
0 (552) 278 71 31
05338994418
+90 546 739 01 56
0 (502) 306 47 16
05540552336
+90 546 318 17 27
05487593083
0 (548) 813 14 18
05571061806
+90 (546) 740 55 72
+90 502 641 67 92
+90 (549) 190 67 80
05357122599
+90 538 906 65 50
+90 546 849 64 95
+90 540 515 06 72
+90 541 718 48 91
0 506 476 38 20
+905466925699
0 (503) 881 60 23
0 (543) 453 13 43
0 506 325 67 67
+905082777551
0 540 208 90 42
0 559 057 09 87
0 502 581 60 06
05359918461
0 544 252 31 84
0 (553) 874 97 35
05401915128
+90 559 229 80 92
+90 556 706 76 07
+90 502 001 42 49
0 (504) 612 11 09
+90 509 823 53 21
05358124442
0 543 982 20 50
+90 (540) 761 21 31
0 552 025 62 70
0 546 574 04 32
0 508 000 11 72
05099497768
0 555 299 03 52
+905349471833
+90 557 368 18 76
+90 536 635 72 06
+90 501 584 72 33
+90 (548) 693 00 94
0 547 146 99 75
0 (531) 561 92 66
0 (530) 444 38 68
05566794996
+90 (541) 732 65 99
0 557 690 60 69
+90 548 643 41 38
+90 (537) 271 80 66
0 (551) 456 81 45
+905082727001
0 (531) 001 68 44
0 507 234 02 27
+90 (540) 468 17 04
+905028009660
+905034819315
0 536 874 50 34
+905444647682
0 (551) 761 56 47
0 545 607 03 95
0 (504) 284 62 04
05545023386
05583520272
+905046777737
+90 535 259 33 85
+905547818972
+90 (545) 502 29 71
0 (550) 345 14 25
+905096272270
+905550534639
0 500 636 25 45
0 504 322 66 40
0 (545) 781 34 95
0 (509) 764 53 06
05369970388
0 (507) 714 99 00
+905097086731
+90 542 656 84 79
0 531 626 67 45
+90 (534) 721 64 02
+905059544890
+90 540 858 66 15
+905525316443
0 (533) 981 65 40
+905365403839
05380352111
05414323472
+905505611413
+90 (551) 045 16 22
+905006475618
+90 559 107 86 46
+90 (550) 232 32 26
+905049776133
+90 505 842 63 20
05070826251
0 (506) 784 75 65
05500407375
0 (557) 866 67 12
0 (505) 424 49 85
+905517106089
0 (551) 378 34 56
+90 506 291 92 98
0 509 576 96 58
05040468944
+90 558 338 87 28
0 (553) 798 41 20
0 (540) 672 81 29
05033513532
+905031136628
+90 508 574 03 76
+90 545 553 14 63
+90 535 084 33 50
+90 (552) 958 03 02
0 (538) 195 35 42
05488598229
0 (505) 977 92 22
0 548 886 33 73
0 (531) 090 70 92
+905346834092
05458902214
0 509 581 57 29
0 (554) 077 47 83
0 553 113 56 74
+90 (550) 112 66 74
+90 (537) 585 65 87
0 (543) 380 16 76
+905369216204
+905392199804
0 503 855 52 87
+90 (559) 362 49 96
0 (558) 806 78 72
+90 (532) 596 64 61
+90 (542) 642 18 42
+90 538 734 88 88
+90 542 887 17 69
05437033633
05041887330
0 541 512 77 12
+905450558434
+905311148051
+905565947938
+905361910452
0 (545) 935 30 51
+90 (543) 940 79 69
+905509943746
+90 509 382 13 08
+905012589343
0 (537) 691 37 42
+905544697284
05083040771
+90 555 396 11 22
+90 552 009 47 11
+90 550 100 84 52
+90 504 510 13 40
+905414276258
05376137643
0 501 328 31 39
+90 (557) 348 42 60
0 (556) 800 64 79
0 (535) 202 00 47
+905037558608
+90 540 031 08 53
0 549 645 03 82
05063960808
+90 (536) 104 17 06
0 549 057 23 35
+90 (505) 893 97 57
+905479184025
+905418637755
+90 (559) 621 36 04
05075828399
0 (534) 230 97 90
05490534525
+90 (550) 826 24 96
+90 546 641 93 14
05429480791
05572937982
+90 540 468 67 20
+90 540 467 73 96
05377248919
0 537 603 86 14
+90 540 784 11 59
0 (556) 329 28 52
05510670993
+905554523590
0 501 781 97 64
+90 504 972 97 78
0 534 257 98 06
0 549 765 72 68
0 537 619 59 29
0 539 139 07 86
05464789326
+90 502 834 92 91
+905311170375
0 548 965 65 77
+90 550 207 23 18
0 (549) 009 40 32
0 (536) 356 85 39
0 554 924 93 35
+90 (537) 331 65 95
0 541 994 31 96
+90 504 612 04 72
05507084707
05582810003
+905303641788
+90 552 921 62 05
+90 (501) 174 21 28
0 (539) 331 70 50
+90 (507) 495 80 05
05099492507
0 (556) 006 00 48
0 509 951 71 39
+90 558 222 86 49
0 537 828 09 27
+90 507 380 03 05
+90 509 465 41 65
0 551 830 86 15
0 501 758 93 26
0 536 655 43 61
0 (500) 265 09 22
+90 545 754 68 05
05336291408
0 530 603 34 99
05006334037
+90 546 313 96 20
+90 (505) 878 84 70
+90 506 667 22 59
0 (500) 156 61 22
+905058876437
+90 (555) 671 31 24
05472491352
+905098460644
0 509 825 42 35
0 530 851 74 39
+905061633922
+90 (502) 823 11 60
+905472256472
+905593202777
0 (505) 265 71 62
+90 558 580 98 32
05018126109
+90 (504) 602 70 30
+905589468879
05410137775
+905333999762
+90 (532) 910 35 30
+905336168124
+90 (539) 373 26 10
0 (548) 038 23 63
05532601049
+905410490653
+905569208895
+90 (549) 698 54 55
+90 (559) 700 65 69
+90 (544) 597 45 52
+905027220601
+90 545 742 13 28
+905017568700
05559661707
+905460702812
+905445728287
0 509 308 92 84
0 (543) 593 12 94
+90 (506) 827 64 28
0 530 830 29 28
05580846648
0 501 732 75 77
05534429023
05034520575
+90 537 437 31 14
0 (533) 151 88 09
0 (509) 067 08 89
+905058555824
05517618662
0 (504) 737 47 97
+90 550 210 02 72
0 (503) 689 89 80
+905587194187
+90 500 693 45 32
05433306971
0 (544) 642 39 01
+90 542 469 62 86
0 (531) 116 21 22
05536886506
+90 (533) 993 33 79
+905389314971
+905444530585
+905323370812
+90 534 211 56 22
05478775996
0 559 947 54 15
0 (552) 753 67 77
05589474200
0 (541) 578 34 77
+905007761537
+90 (557) 800 89 94
+90 (508) 948 93 52
0 506 062 99 15
0 (509) 495 90 94
0 (534) 457 11 80
+905571555392
0 (504) 734 46 78
+905531233374
0 506 476 94 84
05081039016
05434822122
05398837846
+90 (555) 482 35 32
0 533 085 41 85
05434526818
0 539 377 00 49
0 (553) 981 00 40
0 541 224 13 28
05043093441
0 (507) 396 33 51
+90 531 826 52 84
+90 545 418 31 65
0 509 655 58 60
0 (546) 283 23 05
+90 555 678 10 89
05563038539
0 506 485 25 75
05442635208
+90 507 090 59 51
05061026577
+90 (532) 342 13 64
05032282926
+90 546 368 54 07
0 (534) 806 82 65
+90 (504) 033 05 73
05351637683
0 547 250 68 76
+90 (505) 082 86 57
+90 554 779 01 71
+905381696413
+90 (553) 036 91 85
+90 535 883 81 73
0 (534) 306 96 46
+905350750617
+90 507 862 09 26
+90 (532) 868 82 92
0 504 562 08 93
0 (504) 113 87 45
+905344758119
0 (548) 873 05 79
0 554 572 16 44
+90 (509) 085 51 62
+90 (547) 916 54 12
+90 506 001 69 46
05044638661
0 (503) 404 41 98
+90 (503) 957 77 49
0 (509) 994 00 49
+90 (509) 240 96 47
+90 (501) 672 51 51
0 533 954 36 84
+905373498476
05380350133
+90 (531) 319 22 83
05321327746
0 (558) 776 16 65
+905069995158
+90 (549) 676 66 27
0 503 468 82 62
+90 557 087 90 73
+905017173343
05564141064
+90 (506) 263 04 69
+90 505 137 41 51
+905545237024
05321355661
05525445911
0 541 159 03 84
0 (554) 438 07 28
+905329007546
+90 506 243 88 63
+90 (509) 648 55 91
0 504 701 86 51
+905481102882
05556973197
05068381199
0 (535) 214 79 41
+905420550534
05531894604
+905583006413
+905321913812
0 (536) 056 50 28
+905569602313
+90 546 477 63 01
0 546 633 62 31
+905514683726
0 542 205 64 34
05336049708
0 504 615 27 64
0 (506) 912 10 55
+905482082636
+905085818150
+90 541 837 36 19
0 550 192 68 79
0 (550) 747 80 43
05446933152
0 555 537 27 55
+90 558 855 34 84
05463275512
0 556 288 06 47
+905065796279
+90 (535) 403 11 68
0 546 145 90 03
+90 506 836 40 04
0 551 206 50 26
0 (555) 960 18 89
+905087878196
05413300599
0 (539) 869 64 96
+90 543 745 02 91
0 (549) 820 43 17
0 (557) 604 29 81
+90 (545) 395 16 72
05089318440
05493181028
0 (556) 815 29 24
+90 557 588 14 34
+90 530 004 54 70
0 554 519 05 88
+90 (542) 854 65 34
05060578817
+905483965701
+90 506 815 65 10
+90 542 475 32 05
+905006296535
0 (549) 255 27 61
+90 (547) 269 52 43
+90 (552) 220 67 80
+90 557 402 42 12
0 (537) 349 97 15
+90 (549) 875 81 64
0 543 930 09 67
+90 559 544 95 32
0 540 952 61 35
+90 557 954 14 02
0 (548) 845 50 86
0 (502) 097 30 52
05350769161
+90 552 729 88 72
+90 (505) 589 21 41
+90 542 029 14 22
0 539 734 74 40
0 503 907 09 10
+90 (538) 061 76 60
+905317674472
0 508 524 79 91
+90 (556) 368 72 47
0 544 627 75 41
05558566306
+905554150125
0 555 319 00 82
0 538 234 44 10
+90 (550) 430 43 32
0 (536) 861 83 48
+90 537 524 21 23
05030210303
+90 543 499 14 45
05547080141
+90 502 728 34 57
+905411516919
0 536 005 33 95
+90 557 536 40 94
+905568215617
+90 (554) 785 12 49
0 (555) 939 58 29
05460379456
05066171210
05330486293
0 542 899 96 70
0 (532) 131 53 69
0 542 128 29 18
0 (559) 216 12 61
+90 (531) 146 09 33
05024593093
05333619539
+905054997453
05393407416
+90 (535) 489 81 87
05485854482
+90 501 872 75 83
+90 (535) 211 09 78
+905361868592
+905585158067
0 (531) 151 88 29
05372449223
05070537168
+90 538 089 76 94
0 (537) 627 99 26
05518938050
0 552 314 75 26
0 (535) 319 39 12
+90 550 035 40 72
05041283119
+90 506 843 40 40
0 (533) 759 86 38
+905466409964
+90 (533) 362 29 16
05437845819
+90 (559) 023 35 36
+90 (503) 416 32 45
0 (501) 015 67 93
+90 (546) 435 95 37
+905476878183
+90 (538) 893 37 38
+905397570617
0 (555) 238 45 34
0 548 601 15 14
+905074731111
0 550 803 34 87
+90 558 075 50 93
+905532389516
+905522500744
0 (546) 044 50 82
+905012773541
+90 546 821 28 91
05043728304
+905513281711
+90 504 043 78 37
05410832623
0 538 175 80 49
+905537547433
05069145459
05397687742
05593179089
+90 532 771 46 03
0 (551) 172 26 83
+905555162804
+90 541 958 00 76
+90 (540) 935 42 49
05320094492
05333570371
+905525329527
0 543 125 64 66
+90 (549) 989 75 07
05553091470
05360991503
0 (547) 292 34 72
0 (542) 582 97 01
+90 553 957 78 46
+905320808606
+905059215858
+90 558 038 28 66
+90 (538) 637 67 59
+90 508 218 73 97
+90 (543) 581 38 49
+90 504 898 64 30
+90 (554) 690 15 83
+905343679893
+90 (508) 180 51 59
+90 (550) 009 06 70
+90 550 097 08 35
0 (509) 089 10 60
+90 (500) 219 79 20
05096308357
+905326524647
05552688392
+90 549 942 61 59
05039574860
+90 (558) 026 91 04
+90 556 102 67 79
+905080900868
0 547 065 92 52
+90 558 598 57 39
0 530 095 29 62
05466619675
05024532894
+905379820412
+90 505 584 91 28
+90 (541) 684 87 63
+905367783381
05351991396
0 (534) 734 63 33
+90 (508) 486 35 21
0 558 842 02 16
+905594155695
+905370648784
0 501 932 88 82
+90 554 164 87 40
0 545 926 21 37
+90 552 930 09 74
+90 (547) 760 50 45
0 559 281 95 00
+905075823749
+90 539 940 58 77
+90 (549) 955 43 13
0 (548) 709 04 62
+90 (537) 747 13 91
+90 (555) 738 63 01
0 549 795 58 78
+90 (555) 252 18 55
+905546387919
0 550 927 62 74
+905385570441
+90 541 378 72 15
+90 (554) 973 67 71
05531879480
0 509 152 51 37
+90 534 718 19 69
+90 554 816 44 65
05049310426
+90 (538) 517 27 65
+90 545 384 00 99
05535214048
+905563480930
0 (550) 304 87 24
0 537 614 13 43
0 (509) 670 88 71
0 (503) 730 70 43
0 (536) 409 72 27
+90 503 345 42 16
+90 (530) 439 62 17
0 539 408 74 23
0 (531) 726 40 44
+90 (552) 231 52 95
+905461909950
+905339927627
+90 (554) 105 98 15
05524961225
0 (505) 533 16 15
+90 (555) 249 70 10
0 543 570 04 78
0 548 083 61 49
0 540 511 48 96
0 (507) 102 34 86
0 (544) 060 01 06
0 507 802 89 54
+90 538 426 67 58
+905068787245
0 546 119 45 85
+90 (544) 766 10 37
0 554 353 62 59
+90 541 459 48 61
0 551 360 85 27
0 545 863 03 82
05095168375
+90 555 374 37 76
05550491666
0 (507) 121 79 69
0 550 818 44 57
0 (556) 837 12 29
+90 508 622 08 45
+90 (537) 844 78 92
+90 553 295 21 73
+905584256520
+90 500 933 74 98
+905452262293
0 (543) 306 13 46
05494558469
0 534 050 29 96
+905017151549
+90 509 096 73 17
0 (509) 874 03 61
+905456953477
05024395453
0 (544) 922 30 77
+90 554 576 78 16
+90 (544) 808 02 41
+905577420516
0 (552) 142 93 22
0 503 064 39 72
+905553504108
0 541 167 21 65
0 (542) 770 02 78
+90 554 262 06 72
0 543 231 72 89
05319111327
+905028375828
0 559 479 27 25
+90 558 132 24 67
+90 552 521 31 83
+90 (547) 988 11 94
+90 547 469 34 47
0 536 949 50 25
05580272477
05475304304
+90 (539) 628 54 01
0 549 289 27 95
+905457455795
+90 (553) 454 39 01
+90 539 173 88 90
0 (556) 541 87 86
+90 (531) 378 33 99
+90 540 929 17 50
05059258625
+90 541 787 37 77
+905561485960
+90 (504) 403 77 98
+90 (535) 634 77 66
+90 (546) 319 07 35
0 (532) 071 63 44
05470318363
+905346834091
0 (533) 457 76 53
+90 (554) 890 08 49
+905398723113
+90 (539) 306 36 71
0 (538) 380 00 75
+905010774765
+90 (537) 181 25 49
05397632096
+905479867369
+90 (559) 324 09 20
0 (506) 189 95 31
+90 541 229 27 95
+90 (544) 900 04 81
+905334444678
0 541 340 02 64
+905468870208
05480706346
0 557 186 85 47
05374126917
0 (505) 303 31 04
+90 547 618 37 41
+905422863093
05078689012
0 536 860 96 97
0 546 232 51 47
0 (546) 244 86 70
+905491263014
0 547 342 11 09
+905500634586
0 553 492 36 90
+905463170680
0 540 822 69 24
05395312533
0 (548) 594 95 96
0 (509) 378 65 54
0 (500) 056 29 23
0 (551) 378 76 27
05457816043
0 (538) 331 93 76
+90 (541) 400 87 73
0 556 266 00 18
+90 (551) 229 49 22
+905055843662
05031276762
+90 533 522 85 25
+90 500 820 74 05
05591798883
0 540 607 86 61
+90 (546) 985 42 51
05467688457
+90 (554) 502 92 18
0 544 998 60 26
+90 (548) 669 29 10
+90 (543) 081 41 14
05585648806
+90 (506) 718 35 82
0 554 268 88 81
0 (505) 104 12 95
+90 534 422 58 40
0 506 632 85 51
0 550 073 17 75
05517564869
+905339220344
+90 (501) 127 23 87
+90 (540) 916 07 99
+905555908581
0 531 243 03 31
05492128605
+90 (546) 653 61 54
+90 540 362 84 90
+90 546 375 89 16
05091447569
+905382054185
+90 536 836 98 19
+90 (553) 938 00 46
+90 (506) 578 41 22
+90 (544) 084 30 44
+90 508 864 87 58
+90 (542) 405 06 49
0 552 431 27 44
0 (559) 696 21 29
0 506 462 20 10
0 (535) 047 94 43
05546269293
0 (500) 098 50 00
05337021765
0 558 620 76 54
0 (534) 963 50 40
0 (505) 760 21 02
+905526990009
+905518739902
0 (507) 560 60 31
0 (554) 182 57 41
0 (504) 319 61 17
0 (502) 936 66 65
+905353530514
+90 (503) 554 25 85
0 550 400 79 64
0 536 501 35 14
0 (537) 772 48 18
05458014652
+90 (547) 997 76 41
+90 (555) 095 85 45
+905495971898
0 (540) 445 28 54
0 505 907 32 38
+905555303567
0 502 713 87 72
0 543 917 20 95
0 539 658 26 08
+90 (543) 139 29 45
+90 (542) 627 28 13
+90 (509) 190 59 46
+90 (504) 765 08 20
+90 (544) 969 94 68
0 (546) 570 17 53
05351697214
0 (503) 130 97 21
0 543 234 08 77
+905529052555
+905514526627
0 (540) 416 34 10
+90 509 431 48 41
+90 (532) 808 78 50
+90 549 516 81 21
0 (553) 049 00 89
0 502 012 27 19
0 (543) 636 95 92
+905513685686
0 505 894 67 17
05314105583
+90 501 676 21 68
+90 545 149 08 21
+905470956419
0 (506) 331 85 87
0 550 138 38 33
05088935541
0 (503) 704 18 73
0 505 452 08 88
05326125510
05497370581
0 530 060 79 26
+905415450641
05595577753
+905018607516
0 550 973 03 01
+905500516072
+905048761467
+905488313202
+905583698393
+90 547 297 94 87
0 503 995 83 50
+90 505 201 14 77
+905524628574
05498528604
+905552191881
+905494427770
05416024176
+90 557 140 21 62
+90 (539) 340 31 08
+905378551276
+90 545 436 38 92
0 (507) 573 96 46
+90 546 328 52 72
+90 (559) 037 41 15
0 (509) 119 42 35
0 532 027 43 05
0 550 801 41 39
0 (551) 889 91 38
0 (554) 629 71 31
+90 538 456 96 02
+905095860197
+90 532 212 07 65
+905093005927
+90 (544) 052 72 83
0 542 258 60 68
0 502 434 56 13
+90 530 635 39 85
+905580591369
0 (557) 467 32 67
0 554 604 46 45
+90 (508) 079 51 62
0 (553) 329 08 95
05435534547
+90 (535) 357 57 32
+90 (500) 857 27 36
0 (546) 649 34 92
+905332954087
+90 546 097 00 67
0 (547) 356 91 32
+905371095676
0 (534) 519 00 19
0 531 752 48 34
+905365227305
0 (540) 094 27 67
+90 536 936 70 82
0 (507) 843 44 96
05492977945
+905594442404
0 (500) 837 03 47
05054736397
0 (505) 037 69 53
+90 543 322 14 04
+905023819674
+90 (507) 371 85 87
+905515817382
+905039148700
+905585901175
0 547 783 45 02
0 (541) 223 20 40
+90 (559) 358 17 42
05008662560
+90 549 819 15 92
0 (557) 778 36 86
+90 (532) 557 79 08
0 (552) 669 08 43
+90 (505) 232 92 53
+90 559 260 35 88
+90 508 040 50 85
05039459091
+905086328956
+905516998485
0 (505) 373 03 53
0 (545) 659 66 73
05576021194
+90 537 111 89 41
+90 552 553 10 21
0 532 219 34 93
+905451590085
0 508 841 07 72
+90 (547) 879 07 29
0 536 605 52 42
0 552 441 72 87
+90 554 215 27 81
+905566256130
+905499948054
+905381337759
0 505 195 20 66
+90 559 396 44 11
05539921318
+90 503 030 41 19
0 (534) 292 43 21
+90 501 260 63 61
+905493067580
+90 549 130 01 06
05308485633
0 (531) 823 06 28
+90 (505) 666 73 12
0 (535) 080 51 58
0 (555) 085 80 65
0 (504) 612 30 01
0 538 341 59 36
+905063687059
+905348562825
0 (538) 707 31 98
+905569630167
+90 531 637 93 36
0 556 781 67 28
+905064952822
0 (546) 366 03 53
+90 536 473 44 52
+905092300051
+905373745007
0 508 148 70 94
0 533 174 94 51
05302791352
+90 (539) 274 73 20
05417301930
0 (509) 922 57 15
+90 (501) 394 61 19
+905403796908
+905024014090
+90 509 821 25 92
0 541 878 56 58
+905363267476
+90 558 848 59 41
+90 (540) 387 87 14
+90 (545) 503 78 03
0 (555) 464 79 40
05470808997
+905320854156
05000755552
+90 549 923 70 68
+90 531 720 96 27
0 (541) 293 52 42
0 537 124 69 35
+90 534 993 57 50
+90 (545) 646 84 52
+905566868591
0 (544) 701 52 72
0 559 932 63 37
+905569991698
+90 (552) 584 65 59
+905411585454
+90 (546) 559 08 17
+90 (504) 056 19 99
+90 538 704 56 45
+90 (545) 814 91 19
0 (501) 195 22 57
0 559 584 05 63
0 554 171 85 02
+905453014780
0 532 236 18 06
0 546 806 53 95
0 539 467 03 88
0 (502) 002 35 59
+90 530 444 54 10
0 (532) 657 37 17
+90 501 002 48 97
05040627793
0 (547) 111 83 84
+90 (505) 872 83 84
+90 536 545 87 53
0 509 225 95 01
+905357665425
0 (534) 419 95 95
0 547 967 99 11
0 537 398 78 87
+905377364097
+905007802359
0 547 935 27 96
+90 503 382 34 30
+905059726918
05306785519
05550759064
+90 500 437 35 66
05498918831
05591106015
+90 (533) 590 94 09
05412962524
0 (508) 877 97 25
0 501 633 89 23
0 545 194 56 00
+905077416229
05414714318
+905411403858
0 536 874 43 48
+90 (536) 863 62 48
+905441216003
05013045378
0 (546) 962 89 61
0 553 711 71 13
+90 548 520 49 41
+90 (508) 063 15 84
05310650803
0 (532) 670 70 64
0 558 407 20 87
+90 559 805 09 72
0 (506) 812 99 14
0 (551) 315 73 94
+90 540 792 83 72
+90 (541) 265 54 98
+905027380876
+90 507 732 66 03
+90 556 603 52 32
0 (556) 815 97 17
0 535 539 39 95
+90 (533) 104 14 88
0 537 096 47 26
+905423583625
+905560839915
0 (549) 831 61 02
05013552052
05319522103
+90 (540) 651 59 91
05396685410
05085507600
+90 (535) 989 33 94
05586218816
+90 (552) 798 62 97
05386274394
0 (509) 223 36 38
+90 (549) 409 95 36
+905320235550
+90 541 533 53 63
+90 (507) 022 65 63
+90 (554) 067 07 58
+90 541 911 91 62
0 (540) 263 07 49
+90 (546) 814 83 32
+90 551 870 64 01
0 (501) 059 55 97
+905477584678
0 545 159 77 71
0 538 205 27 58
+905040487692
0 555 695 03 94
0 (535) 945 57 33
+90 545 766 67 46
0 551 609 84 63
05072631883
0 556 277 33 66
0 536 484 89 19
0 (547) 045 70 25
0 508 426 92 27
+90 (550) 831 60 54
05541336066
+90 554 037 63 89
0 (539) 196 88 59
+905454660235
+90 557 960 82 28
+90 (539) 851 64 16
+90 (559) 805 15 29
+90 539 985 05 54
0 508 886 08 61
0 506 377 52 00
0 557 426 95 56
+90 504 552 84 18
+90 554 299 73 61
+905088704082
0 500 151 09 31
+90 546 263 76 78
0 (543) 044 39 42
+90 533 524 59 21
0 551 665 53 37
+90 (555) 633 05 98
0 (536) 099 24 78
0 545 801 70 62
05042952071
0 556 730 18 12
0 (550) 555 19 55
0 (539) 034 03 16
+90 501 812 78 40
+905440159859
+90 542 370 92 33
+90 540 090 48 63
0 536 128 45 17
+905034030523
+90 (547) 229 60 08
+905410806085
+905427442752
+90 549 029 45 33
05067990650
+905072865223
+90 (554) 924 95 77
0 545 036 96 17
0 543 990 83 02
05555658471
+90 549 966 78 63
0 (530) 678 80 31
+90 501 935 09 83
+90 (507) 428 38 12
+90 (535) 555 07 46
0 557 512 58 33
0 (500) 169 00 00
+905041767102
05578131761
0 (545) 521 10 09
0 (502) 031 57 45
0 (506) 542 11 98
+905080801916
0 (505) 260 89 12
05083556114
0 (532) 411 34 34
+905480472548
05526890834
+905404199856
0 504 571 51 91
+90 (538) 905 33 51
+90 530 431 23 07
0 (559) 939 28 83
0 547 431 25 25
+905461255732
05417632609
0 531 765 30 77
+905561168419
0 (550) 643 66 97
+90 (544) 122 24 06
05055919596
+905501991277
+90 (506) 604 35 42
+90 559 124 79 59
+90 (542) 920 57 64
05001196953
+90 (530) 597 12 29
05580789646
0 541 048 36 35
0 (538) 384 09 78
0 (534) 288 65 41
+90 536 824 95 81
+90 504 804 11 15
05083673542
05346714666
+90 (539) 200 38 30
+905511681507
+90 (538) 031 14 32
0 (504) 755 96 87
+90 544 464 64 91
0 501 313 55 70
05501159488
+90 541 492 44 44
+90 (539) 639 50 56
0 (535) 727 29 97
0 (533) 271 47 11
05484214978
0 (530) 550 42 55
+90 509 300 44 55
+905353840482
+90 547 072 31 76
05590856354
+90 (502) 066 79 95
+905485610448
+905036587877
+90 (501) 633 14 22
0 (541) 087 03 57
05047546129
+90 558 875 10 68
0 (537) 172 66 10
0 (531) 075 61 03
05024033706
+905439842481
+905025975727
0 533 147 86 06
+90 (536) 933 77 80
0 543 726 87 03
+90 (550) 092 85 44
+90 (549) 114 66 81
05537787410
+90 508 183 93 09
+90 545 954 03 80
+905407858356
05364101747
05012643696
+90 559 753 45 54
+905489377546
+90 545 396 07 50
+90 (532) 137 35 52
+905009416648
0 533 247 09 45
0 553 653 41 55
+90 544 902 94 70
+905381826809
+905490055777
+90 541 907 98 81
0 (539) 665 84 96
+90 (559) 519 28 97
+90 547 334 38 29
+90 554 934 48 19
+90 (540) 730 27 75
0 (550) 914 00 96
0 555 771 21 95
0 538 869 71 15
+90 (506) 793 74 71
0 (557) 985 34 62
+90 507 164 96 00
+90 (554) 286 75 21
0 (553) 761 02 33
+905576236528
+905510185080
0 (536) 567 45 53
0 554 501 48 49
+90 (531) 124 60 32
+905085379480
+90 532 372 70 72
+90 508 503 27 49
0 505 603 64 58
05591982539
+90 (554) 875 84 65
0 (539) 321 80 12
0 557 295 84 40
+90 547 287 00 51
05334962206
+90 544 583 32 85
+905056582796
+90 (501) 621 03 24
+90 541 276 65 36
0 (500) 840 04 32
+90 (548) 635 95 54
+90 530 753 82 67
+90 (552) 499 84 10
0 (558) 795 43 66
0 (508) 448 92 10
+90 (537) 629 56 72
0 (552) 786 93 12
+90 (553) 972 93 61
+90 549 421 40 56
+90 540 064 56 87
+905543289530
+90 538 148 34 27
+90 (508) 921 69 70
05070236595
+90 537 323 81 79
05426884927
0 549 082 98 98
+905337877937
05347964338
+905361976980
0 (502) 263 23 65
0 545 019 55 59
+90 (505) 173 32 73
0 (559) 442 10 23
+905321057969
+905346901541
+905535033195
0 (548) 702 62 55
0 506 354 21 87
+90 556 887 66 66
05099059363
+90 535 897 28 81
+90 (556) 471 83 31
0 548 659 90 49
+905059099436
+905332172024
+90 (549) 555 22 14
05415729053
+90 (559) 515 11 30
05009357417
+90 (551) 634 62 54
+905522536424
05562987611
0 503 795 82 79
+905353685252
05573648296
0 (553) 591 94 01
+90 558 946 35 95
0 (503) 581 15 51
+90 (535) 766 74 60
+90 554 558 31 24
+90 (558) 954 23 44
+90 505 305 98 66
05311989178
0 541 539 68 22
+905502172987
0 502 764 62 47
0 502 870 89 71
0 (540) 677 53 05
05364505383
+90 536 803 25 29
05515587003
+90 (534) 764 30 98
+90 (541) 128 65 26
+905555970711
+90 (547) 458 14 37
0 538 290 18 15
0 (545) 861 46 99
+90 505 888 40 94
05512366664
05566833327
05482283076
0 (507) 566 24 61
05351067913
+905553491836
+905473101696
+90 542 587 28 11
+90 503 698 16 16
+905389027422
0 (552) 494 06 75
05478742060
0 556 533 91 12
0 533 171 28 76
+905361871091
+90 (554) 974 99 93
+90 (548) 837 67 55
+905022144932
05412730513
0 (555) 877 47 69
+905459527867
0 (540) 234 33 69
0 (555) 452 15 72
+905566256910
+90 (555) 667 63 42
0 (504) 430 99 68
+90 (556) 816 07 79
05062643907
+905471407686
+90 540 338 72 19
+905533844317
0 (509) 252 72 87
05377337665
+90 (506) 991 95 69
+905562414289
+90 547 240 30 94
05406255303
0 (505) 201 25 35
05027775336
0 553 843 61 19
+90 559 012 79 13
+90 554 043 38 95
+90 542 975 87 45
+90 506 061 57 71
0 (506) 176 35 20
+90 502 977 24 53
0 (508) 248 04 18
+905027959555
+90 (540) 397 56 12
+90 (542) 725 96 65
+905392161141
+90 (546) 576 03 19
0 507 908 58 83
+90 (552) 434 80 54
05503988104
+90 544 977 11 46
+90 (533) 577 24 87
05510141409
0 (501) 004 91 70
0 (507) 851 67 49
+90 (555) 134 14 30
0 (501) 167 78 43
0 500 648 03 34
+905028410224
+90 544 814 11 30
0 546 388 75 04
+90 556 961 93 04
0 (555) 057 24 88
+90 (541) 990 24 50
05325714279
0 (509) 387 29 99
+90 (533) 055 35 11
+90 556 740 64 08
05013552807
+90 (542) 803 95 20
05358235454
0 539 532 87 83
+90 532 120 00 52
0 507 244 20 79
0 530 912 24 36
05516733882
+90 500 058 53 35
+905476682439
05357254640
+90 550 765 89 57
+905517235623
05338135125
0 556 615 81 85
0 (545) 176 00 60
05328083592
+90 506 050 85 36
+90 552 536 61 92
0 (556) 984 88 32
+90 538 664 15 47
+90 (505) 513 99 18
+90 537 340 03 53
0 (532) 243 42 84
+90 538 411 22 70
+90 (539) 181 83 97
05320762043
+90 556 954 62 55
+905496067147
+90 (503) 559 21 64
+90 547 704 06 84
+90 509 030 74 36
+90 (548) 647 91 47
+90 (558) 656 86 07
+90 (555) 597 14 35
+905370345833
0 556 669 98 70
0 (557) 132 80 43
0 505 162 77 25
+90 548 954 48 66
0 (543) 695 95 33
0 550 541 88 68
+905466668166
0 501 917 27 74
+90 (538) 379 62 87
+90 (532) 186 36 53
05048276367
05390306585
+90 (557) 314 07 65
05419410893
+905345788406
+90 (533) 571 25 43
+905505530325
+90 (554) 627 11 80
+90 (509) 193 24 89
+905347930320
0 543 927 54 42
0 (548) 530 93 95
+90 559 329 51 72
0 (538) 087 02 58
05430676166
0 535 830 21 13
0 (559) 721 74 40
+90 (555) 104 25 06
+90 (545) 770 17 98
+90 (545) 986 82 87
+905481699778
+905314808512
0 (508) 617 57 94
05309225700
0 531 550 77 35
0 (500) 793 98 95
+905473170580
+90 541 836 86 97
+90 554 197 55 37
+90 505 186 19 55
+905078725290
+905322015174
0 556 208 60 15
+90 502 092 13 37
0 538 568 77 16
+90 (506) 288 01 11
0 508 024 56 63
+90 507 999 93 13
05044341099
05017676618
+90 (541) 278 20 41
+90 (508) 077 05 42
+90 557 427 08 91
+90 501 915 26 58
+90 557 680 68 74
0 502 852 96 00
+90 506 051 19 72
0 (550) 303 09 46
+90 554 966 85 50
0 505 133 73 65
0 (541) 326 66 97
0 (540) 777 84 94
0 (502) 904 10 99
+90 530 851 11 68
+90 530 719 84 18
+905308964169
05071411232
+90 (533) 155 13 08
05052154468
05402532109
+905341720984
+90 (554) 141 58 72
0 549 938 77 05
+90 (538) 672 63 58
0 (541) 708 41 84
05029911456
+90 (535) 830 19 12
0 506 043 80 81
05523251216
0 544 734 25 65
0 (530) 572 99 15
0 (559) 785 77 28
0 (546) 507 58 30
+90 552 512 74 83
+90 (559) 715 87 32
05008189273
+905068227702
+905085897012
+90 (540) 113 81 05
05555996840
+90 (557) 980 84 12
+90 (554) 868 67 95
+90 559 881 71 43
+90 (530) 948 46 33
+90 556 941 55 04
0 (541) 360 41 58
0 (546) 702 96 02
+90 (557) 007 47 11
+90 500 133 99 96
0 (533) 115 00 88
+90 (500) 329 42 97
05301992989
0 (555) 418 94 32
+905462525922
+90 554 675 87 89
+90 547 345 79 17
+90 556 305 89 42
0 (502) 483 97 75
+90 (540) 325 93 30
+905099891983
0 (534) 665 81 34
0 504 047 26 88
0 550 438 84 43
0 (532) 066 80 26
+905364431164
05452177539
+90 (547) 955 09 37
+905338926485
+90 545 479 03 87
05492842236
+90 (555) 411 90 18
+90 (507) 904 32 09
+90 (550) 821 53 20
0 (501) 309 58 98
+905054137095
+90 (539) 351 75 54
0 534 485 73 39
0 (548) 873 18 76
0 (533) 676 96 72
0 (532) 666 48 73
+90 (534) 312 47 56
+90 (534) 602 33 48
05489346441
05485354487
0 542 234 67 80
05526155391
0 556 733 24 45
05323136249
05036863477
0 546 397 79 41
0 (542) 970 13 95
0 (559) 250 85 70
0 (532) 969 44 93
0 555 109 82 88
+90 502 257 12 52
+90 554 865 92 01
05571665969
0 551 538 35 07
05513012219
+90 (508) 171 97 11
+90 (532) 254 14 29
0 559 852 69 72
05342762780
0 541 045 33 10
+90 542 675 97 44
0 (545) 419 38 87
+90 (504) 865 57 07
0 (556) 240 35 50
+905519047383
0 (508) 253 46 23
0 (502) 676 76 54
+90 (538) 194 70 73
+90 (557) 024 80 68
+90 (555) 607 81 13
+905455227626
05019908655
0 (549) 226 47 40
0 533 462 83 22
+90 545 437 39 39
0 501 124 89 79
+90 (532) 164 25 61
0 500 162 42 98
0 (549) 742 45 15
+90 538 310 63 99
+905493908302
05309057144
+90 (503) 122 79 34
0 (545) 689 80 58
+90 559 511 25 71
0 (534) 721 88 80
+905494436368
0 536 143 24 53
+905072267019
+90 546 492 11 41
0 535 446 03 55
+90 502 446 94 22
0 531 369 88 93
0 (532) 400 64 95
+905053302057
05037754456
0 543 293 42 73
0 (507) 041 48 54
+90 554 701 42 39
0 538 593 52 55
+90 (555) 303 10 41
+90 559 637 93 94
0 550 875 45 05
+90 (546) 769 79 24
05536760495
+90 552 959 13 18
+90 541 682 33 61
0 (557) 806 01 51
+90 509 397 53 15
0 (555) 929 12 74
0 (501) 691 38 55
0 543 654 21 88
05061374382
05348692465
0 (546) 770 89 21
+90 (551) 246 11 36
+90 (555) 003 64 43
0 536 055 95 36
0 (540) 739 42 03
+90 (506) 187 44 30
0 (553) 228 30 61
+90 549 359 97 68
0 549 741 07 11
0 546 173 68 77
+905531819078
+905360350097
0 546 554 74 10
0 (507) 355 09 03
+905539453312
+90 537 457 51 11
0 (533) 321 05 89
05486210645
0 535 874 35 20
0 508 074 03 76
+90 539 786 01 91
05094119660
+90 (508) 865 14 11
0 (506) 251 08 06
+90 541 941 36 19
+90 538 720 08 81
05489499491
0 545 610 25 62
+905005652285
+905451407149
+90 535 409 17 25
+90 536 563 68 74
+905554908342
0 (542) 696 66 73
+905518925585
+90 (532) 922 58 67
+90 503 890 84 45
0 (538) 257 03 20
0 555 221 62 77
+905364455030
0 554 342 43 60
+90 (539) 327 19 63
0 550 566 02 60
+90 558 901 78 25
0 547 737 89 86
05495908087
0 500 057 56 01
+90 533 720 23 83
+90 507 670 24 99
0 (552) 039 77 27
0 544 982 90 89
+90 (540) 074 02 74
0 540 323 42 27
0 553 406 48 40
+90 (533) 007 94 78
+905030140674
+90 (507) 306 62 77
+90 (500) 327 14 03
0 (553) 345 05 13
0 (554) 803 55 53
05056530225
05520654061
0 506 696 53 02
+90 554 626 58 72
0 530 421 37 78
+90 506 798 24 89
+90 549 024 43 10
0 551 424 25 29
+90 509 832 93 01
+90 (559) 587 58 65
+90 (544) 666 40 45
05360640485
+905304256645
+905510849820
05594199248
+90 (550) 335 07 31
0 (548) 421 24 93
05352605627
0 506 986 58 84
+90 550 240 39 60
+90 543 563 90 26
+90 (547) 723 36 82
+90 (503) 591 78 30
+905012232799
+90 549 001 19 69
+90 507 552 25 40
+905023095160
+90 503 625 69 27
05070918009
+905330114191
0 (504) 991 44 20
+905083610516
+90 (544) 286 76 77
0 (551) 637 31 12
0 (501) 715 05 84
+905014616799
0 540 924 58 21
0 530 682 35 91
+905510944552
+905074389514
+90 550 732 01 57
0 (545) 625 77 61
+90 (553) 041 43 81
0 543 900 06 61
+90 (542) 012 88 36
0 (535) 740 76 25
+90 (547) 510 63 35
+905465847771
05423389001
+90 (545) 953 19 20
0 (505) 394 34 78
0 507 413 05 48
05059486182
0 (550) 023 62 17
+90 532 197 51 41
0 508 122 33 52
+90 536 214 06 08
05599601537
05512979673
+90 505 627 02 79
05492094559
+905436889654
0 (534) 996 69 93
0 (536) 160 81 62
0 534 917 91 71
+905418546106
+90 537 633 60 40
+905468991236
05347970321
+90 (507) 014 80 70
+905376286058
0 542 979 93 25
0 (550) 231 91 05
+90 537 194 99 83
0 (548) 089 34 38
+905007157054
0 (553) 927 85 14
+905380023285
0 (535) 130 93 59
0 (535) 401 44 41
05349427698
0 (535) 780 83 82
0 (507) 420 59 91
05526126037
0 543 840 87 95
+90 (509) 805 91 80
05013939437
0 542 359 06 38
05343928987
0 543 011 65 10
+90 559 833 06 55
0 (503) 467 93 35
0 502 357 89 13
0 532 694 06 89
0 536 258 41 92
0 (559) 124 12 21
+905508423111
+90 550 891 71 65
0 509 013 65 60
05092686877
+90 530 621 21 01
0 (543) 829 80 49
+90 559 848 22 43
0 (548) 953 03 24
0 (557) 922 85 52
05573750095
0 536 352 39 81
+905532523822
0 540 326 22 88
+90 554 229 49 25
05583879107
+90 544 792 80 72
+90 507 654 07 99
+905451197147
0 539 832 79 79
+90 553 404 26 91
0 500 634 92 12
05327387239
0 536 255 78 17
0 503 039 21 23
+90 550 523 81 54
+90 (549) 007 20 41
05014239136
+905348381928
+90 543 449 48 88
+905310643460
0 (541) 456 48 44
+90 502 354 34 04
+905387173268
+90 557 225 89 16
0 (545) 143 72 04
0 (501) 461 27 96
+90 (545) 749 87 29
0 549 392 57 08
0 535 115 20 65
+90 (504) 624 24 71
0 535 092 39 17
+90 (507) 787 74 14
0 (548) 397 73 92
0 552 773 99 22
0 (504) 460 00 96
0 539 346 41 85
+90 557 239 45 63
05591677061
+90 (537) 254 59 49
05306360742
+90 (557) 301 70 43
+90 546 562 03 22
+905507831475
+90 536 383 20 76
+905455347515
+90 542 843 20 13
+90 556 622 91 71
05088106607
+90 508 164 70 62
+90 (509) 466 02 67
0 547 245 87 89
+90 531 732 14 92
0 (544) 742 75 08
+90 (559) 868 50 36
+90 (533) 214 23 52
0 540 612 77 11
+90 (506) 164 80 44
05582538971
+905526698025
+905054094805
+905437040292
05030439105
+90 (533) 481 15 29
0 507 104 63 14
+90 (552) 105 36 15
0 (500) 923 02 50
+90 (559) 649 29 39
0 556 747 80 78
0 (554) 383 47 26
0 (501) 284 07 08
0 553 416 55 84
+905596272258
+90 (507) 051 77 63
0 (549) 200 48 83
0 535 394 58 17
05547845275
0 541 841 92 52
05310623808
05429357883
+90 544 609 03 97
0 502 682 53 30
+90 (509) 842 59 50
0 (539) 366 02 87
+90 508 966 90 60
+905465974554
0 (552) 540 46 52
+90 (558) 694 68 37
0 (502) 033 65 59
05321414828
0 501 541 69 59
0 551 650 58 69
+90 530 736 73 19
0 (545) 318 39 12
+905306128293
+90 (537) 079 88 17
+90 (509) 188 46 67
+905049869769
0 (553) 042 79 83
+90 542 779 28 30
+90 (555) 672 18 42
0 551 744 66 65
+905516013330
0 557 068 78 16
+90 (539) 243 32 49
+905362341037
+90 507 847 98 19
+90 (531) 485 77 78
0 (539) 379 93 57
+905441225757
05043295978
+905340784105
+905302072565
0 531 832 45 02
+90 (547) 898 95 40
0 551 491 12 11
+90 (543) 173 36 21
05551819243
0 (503) 667 45 83
0 (530) 131 34 26
05055907908
0 (559) 074 83 21
+905573178329
05434328180
+90 (544) 501 11 72
+90 (553) 773 73 80
0 558 007 15 66
0 557 331 24 56
0 537 337 09 10
05084027300
+90 (559) 271 58 48
+90 507 948 48 04
05067067952
+905452576851
0 501 999 30 77
+905467983285
0 (550) 965 64 31
0 (549) 991 82 54
05417696695
0 502 420 73 29
0 (506) 086 39 72
0 (534) 880 72 35
0 (549) 467 33 86
+90 554 302 85 90
0 (504) 395 91 80
0 505 656 39 33
05508792984
0 538 344 80 97
0 (534) 448 92 05
+905498384782
05542008971
+90 (557) 881 71 55
0 (547) 418 93 94
+90 (507) 787 72 06
0 541 208 96 99
+90 535 993 43 20
05510376859
0 553 022 60 96
0 (539) 589 42 46
05565954731
+90 549 722 21 88
05559918023
+90 (508) 435 18 85
+90 530 670 57 46
0 502 699 18 40
+90 548 788 68 63
+905452613001
05418305551
0 552 562 22 19
0 541 990 65 38
0 535 328 70 74
0 551 414 25 25
05459962183
+905521613732
05405464385
+90 (508) 436 05 45
0 (505) 024 68 20
+90 (502) 834 16 29
+90 558 195 73 37
+90 542 658 31 22
+90 (501) 692 55 59
0 501 884 60 11
+90 504 376 95 70
+905415159184
+905047519344
0 (535) 636 30 68
0 536 036 08 39
+905506128572
+90 502 583 31 52
05554609350
+90 (501) 183 19 69
+90 (550) 447 34 84
0 (543) 954 85 98
05520737783
+90 (555) 814 78 68
0 540 368 91 65
0 540 373 22 90
+90 (548) 687 54 61
+905509598205
0 (502) 672 99 69
+90 (534) 677 24 33
05314937603
+905489631057
+90 (503) 249 71 54
+90 (534) 812 29 89
+905021429866
+90 549 818 44 78
+90 (557) 755 99 47
0 540 549 67 83
+905408653046
+90 503 923 49 64
05478627284
+90 530 447 59 96
0 (535) 225 20 02
0 (542) 257 24 96
0 509 647 02 69
+90 505 819 19 44
0 (547) 882 57 08
0 548 185 75 88
05052833796
0 506 095 90 90
+90 (531) 349 95 41
05552769043
0 (547) 976 35 41
05505742639
0 (539) 888 08 37
05438027952
+90 553 346 69 93
05362654962
+90 (552) 628 09 76
+90 (545) 044 66 10
+905453480029
0 559 062 49 49
+90 552 801 66 59
05464828924
+90 546 473 09 55
05565784192
+905475136425
+905428265980
+905327796212
+905450470076
0 (533) 917 65 49
05050549952
0 (530) 638 31 49
0 507 792 23 36
+905092678502
+90 536 754 27 54
+90 (536) 280 03 86
+90 547 465 21 35
+90 (549) 095 14 96
05458177748
+90 530 756 79 77
05379771447
+90 539 073 72 65
0 530 886 24 02
+90 507 980 59 51
0 507 277 92 98
+90 (543) 726 68 02
+90 (537) 063 83 11
+905065487759
+905464798546
05393408635
0 (509) 743 59 24
+90 (501) 266 52 08
+90 (553) 570 55 96
0 531 053 72 60
+905458369281
+90 501 390 99 71
0 (540) 704 87 40
+90 (502) 226 12 79
05560860420
+90 530 879 60 99
+905467190086
05027718599
0 545 823 25 75
05079279245
0 (554) 338 08 15
+90 544 259 89 21
05419838157
+905524833390
+90 (539) 913 45 55
0 (545) 525 37 71
0 534 231 61 08
+90 542 212 10 88
+90 547 306 01 32
+90 (509) 005 56 70
+90 547 139 57 74
0 557 718 29 39
+90 (555) 649 30 31
+905589136324
0 (556) 518 78 13
05306617296
+905355905054
+90 (549) 809 99 05
+90 (535) 493 09 93
0 556 442 90 31
+90 530 440 67 27
0 (505) 958 47 26
0 531 003 76 21
+905583256221
0 508 377 71 13
+90 530 357 10 66
05023400584
+90 (540) 446 64 22
0 551 857 37 32
+90 508 715 70 63
0 533 900 41 19
05532901875
05404298041
+905358859844
+90 (504) 374 25 58
+905567659214
0 (555) 124 71 53
0 548 237 43 82
0 530 448 56 02
0 (557) 400 30 00
+90 (509) 364 94 44
+905539499977
0 (501) 561 37 84
+90 554 189 55 86
0 502 327 38 18
0 (559) 898 31 25
+90 (546) 790 14 12
+90 556 814 06 38
0 542 603 78 03
05356829934
0 (549) 134 64 31
0 532 980 75 84
+90 504 044 67 20
0 553 349 07 47
+90 547 729 40 89
+90 509 304 55 78
0 (535) 814 53 15
+905384679409
+905398145626
05469048285
+90 (543) 044 67 19
+90 (538) 505 56 21
0 (536) 755 25 89
+90 (558) 654 84 61
0 (502) 246 95 39
+905322571134
0 547 522 52 83
+905453725046
0 551 817 77 20
05484652734
0 (500) 861 30 72
0 (532) 673 51 77
+90 542 977 85 50
+90 555 419 77 85
05389909830
+905024865056
05528830276
+90 (543) 623 57 53
+90 (553) 253 14 16
05465029320
+90 (508) 820 62 96
0 535 397 74 60
0 (540) 649 91 61
+90 (557) 378 45 73
0 (501) 093 29 31
0 538 826 87 72
+905030664817
0 (509) 756 00 51
+90 (502) 943 37 96
+90 (505) 456 05 82
05521006346
+90 (538) 901 90 01
05360543051
+90 551 077 09 59
0 (541) 557 50 20
+90 553 179 26 45
0 506 667 67 27
+90 (530) 632 62 88
0 (507) 372 98 12
+90 548 186 17 87
+90 546 584 29 06
+905496240998
+90 547 024 46 58
0 537 456 67 34
+905595568893
+90 (558) 304 65 06
0 554 281 14 83
0 (532) 169 53 22
+90 559 764 15 46
+905386933669
05593331505
0 (548) 573 44 69
0 (503) 512 55 53
0 558 630 81 02
+90 547 595 10 19
+90 (536) 553 06 15
05313955840
+90 (550) 958 96 14
+90 (541) 074 28 76
0 (556) 972 88 18
+90 (550) 933 93 62
0 531 267 04 44
0 535 468 13 56
+90 (554) 457 28 84
+905364373585
+905477523773
05065661730
05022554084
05077724605
05485388100
+905481722143
05444442333
0 (548) 495 97 43
0 535 826 92 92
+905540194246
0 (555) 937 78 48
05524570566
0 (535) 798 95 70
0 (539) 929 84 09
0 547 379 55 74
+90 (532) 440 11 74
05378968947
+90 508 670 03 38
05084217785
+90 (508) 016 98 80
0 (502) 944 64 80
+90 (558) 338 09 28
+90 501 079 46 34
0 (531) 565 24 33
0 530 975 67 58
0 533 951 10 51
05053582570
+90 (550) 468 47 80
+90 (558) 593 72 83
0 (551) 480 36 94
+905041933371
+905416876072
+90 (547) 800 34 12
0 (505) 636 86 01
0 (545) 628 84 33
+905071561942
05463544624
+90 (502) 058 80 87
+90 542 708 98 03
+905413985194
0 554 645 46 94
+905381605642
0 (541) 888 64 75
0 (504) 233 83 02
+90 (550) 726 35 76
+905567234994
+905565757458
05480449216
+905464343369
+905017150011
0 534 498 32 94
0 537 565 18 20
+90 556 827 33 12
+90 505 397 21 50
+90 (553) 312 52 31
+90 556 411 50 49
+90 549 829 20 94
+90 553 238 47 30
+90 (538) 397 19 25
0 (535) 838 94 94
+905381329114
+905055827560
+90 (540) 779 94 06
+90 (557) 620 41 26
+90 (503) 491 60 43
+90 530 154 09 25
+90 557 335 30 81
0 508 554 10 16
05064277139
+905458178151
0 531 989 72 29
05406904487
0 558 193 84 29
0 541 703 69 13
+905431890724
+905032094725
+90 (547) 784 39 65
0 501 389 14 58
+90 502 248 52 94
+90 (542) 726 15 21
+90 (559) 430 41 89
+90 (559) 576 56 97
+90 (548) 665 44 38
+905401721074
+905425809317
0 (505) 924 07 88
0 532 298 85 15
0 (541) 006 02 34
+90 (507) 225 87 46
+90 536 470 77 25
05338028670
+90 557 374 09 40
+90 (550) 990 87 16
+90 557 240 97 41
+90 (541) 826 00 39
05325345934
+90 (506) 063 61 07
+90 (539) 078 33 24
+90 534 183 48 45
+905572230731
+905414221212
+905411013161
0 (509) 793 65 07
+905564775134
+90 (545) 418 61 97
05300399776
+905475310494
+90 535 362 11 71
+90 538 724 57 68
+905307690691
+90 544 707 36 23
+90 (508) 700 65 68
+90 556 037 95 09
0 (506) 559 39 31
05407410127
+90 (506) 381 33 08
0 504 685 58 31
+90 535 617 63 02
0 557 630 08 47
05450019920
+90 507 654 75 06
0 (559) 355 60 20
+905078267840
05060778908
+90 504 061 58 04
+90 556 449 63 93
+90 (553) 922 70 92
0 (553) 083 68 03
+905339059486
+905398198867
+90 (504) 418 11 50
+90 (547) 147 41 48
+905022756639
+90 (551) 621 21 94
+905441801018
05583765029
0 (542) 903 14 38
0 (545) 583 90 05
05384480486
+905468104912
+90 (502) 549 86 43
+90 550 556 69 97
0 (555) 714 53 17
0 (535) 974 86 68
+905032069649
+90 (553) 311 39 32
+905059797150
+905358887404
+90 539 877 91 07
+905393330923
+90 (502) 941 26 93
05305061441
05084969815
0 (541) 841 04 09
0 (500) 466 89 85
+90 (551) 511 88 14
0 (551) 736 28 56
05590353405
+905480868970
05046225453
+90 538 572 79 94
+90 549 336 21 77
+90 (542) 439 87 22
05596047971
+90 (558) 253 27 36
05030430225
+905429020696
+90 (543) 244 96 33
+905413840503
+90 534 026 66 25
0 546 415 54 07
05452386815
+90 553 544 38 90
0 (549) 727 22 28
+90 (541) 645 81 54
+90 546 095 71 45
05315592952
+90 506 265 09 14
0 503 998 82 30
+905063787609
+905518240333
+90 554 464 56 59
0 559 743 53 67
05443367342
+90 (543) 598 87 65
+905350886640
0 (533) 856 47 53
0 542 123 69 07
0 (504) 356 98 38
+90 (507) 034 88 40
05078054445
0 (508) 322 98 93
+905462287657
0 552 684 19 36
0 (508) 385 61 61
0 547 419 83 70
+905040925636
+90 548 107 52 47
0 (548) 039 85 71
0 (550) 433 89 75
05343904510
0 542 856 02 15
0 509 643 67 53
+90 556 602 83 37
+90 535 040 17 38
+90 531 377 40 35
+90 545 670 29 05
+90 503 569 31 64
0 (552) 908 69 06
05502435321
+905032875544
+905389263669
05014672050
+90 551 072 96 29
+90 (556) 705 70 12
+90 (557) 896 12 79
+905388660214
+905061063578
+90 552 701 68 97
0 (550) 980 83 27
+90 547 614 72 93
0 (558) 896 74 59
0 (552) 866 94 37
+90 (539) 577 71 71
+90 547 932 70 20
+90 507 290 51 41
+905592015136
05381720222
+905555238095
+905489319321
05552625189
0 (504) 384 73 99
0 (531) 463 52 42
05590720025
+905336615737
0 539 064 81 93
0 (548) 424 24 67
0 556 259 72 58
0 (534) 183 65 08
+905350453808
05543382123
+90 (544) 205 49 70
0 502 997 94 07
+90 555 551 26 80
+90 (539) 288 85 38
+90 (557) 039 08 26
05514191714
0 554 583 81 18
0 555 694 96 10
05455931763
+90 (536) 842 76 96
+90 535 945 74 75
0 (542) 776 67 22
+90 532 160 72 03
+90 (544) 765 59 39
+905542320060
05353948147
+90 (547) 447 28 29
0 534 205 91 02
+905304735226
+90 501 006 13 25
05031946023
+90 (531) 748 58 20
+90 (545) 328 71 66
+905551904731
0 544 646 03 90
05569179977
05336703450
0 542 671 34 37
0 536 895 73 91
0 543 027 25 54
+90 508 717 79 59
+905360456231
+90 (506) 188 15 98
0 (559) 248 51 74
+90 (555) 255 37 06
+905545041934
05468494800
+905031141637
+90 (556) 828 37 99
0 (540) 517 71 43
0 547 526 34 58
+90 538 320 81 03
+90 507 644 46 86
+90 (541) 711 55 67
+90 553 560 13 19
0 552 594 05 78
0 (505) 910 21 72
+90 (555) 761 39 96
05008504177
+905398775346
+905085429815
0 509 978 86 63
0 534 442 54 97
+905528730753
+90 555 741 70 79
0 553 328 87 57
0 549 314 69 24
0 (552) 127 31 15
+90 (534) 819 72 58
+90 507 115 62 24
+90 (506) 678 29 51
+90 542 028 98 04
0 542 082 08 72
+90 556 878 29 53
05593952246
05406638707
0 500 204 05 70
0 (508) 325 42 51
0 (542) 889 20 35
+905357419090
+90 (509) 276 97 15
+90 534 564 85 90
0 (538) 703 34 40
0 552 669 61 85
05590796727
0 (506) 009 61 29
+90 536 171 79 31
+90 (530) 708 97 45
+905556687952
0 509 153 88 65
+90 (544) 614 28 04
+90 (537) 632 91 09
05405189000
+90 502 008 43 79
+905062740940
0 550 226 37 28
+905468042868
+90 542 929 60 53
+90 509 239 99 28
05443847890
+90 509 533 93 65
+905401645881
+90 (547) 738 90 66
0 (500) 286 61 15
0 549 961 77 09
+905559738817
0 (557) 883 88 26
+90 (536) 363 09 45
+905337569762
05476484171
0 547 433 33 49
0 (503) 663 12 15
+905366833477
05484942111
05348398180
+905362526206
0 (535) 024 64 60
+905324388617
05554054427
+90 (541) 153 58 43
+905570340832
+90 535 156 79 63
+90 (542) 511 14 43
05402323973
0 556 192 52 49
+90 549 085 10 68
+905339068915
+905561690643
0 (555) 660 89 07
+905461131840
+90 532 240 15 18
05394133828
0 (548) 352 65 41
+90 552 790 85 02
0 533 481 18 20
0 556 911 88 21
0 (509) 876 07 57
+90 (559) 180 24 52
0 (544) 430 77 22
05046995937
0 (555) 556 42 07
+905323149374
0 (503) 985 36 64
0 (540) 780 66 14
+905075059626
05410166902
0 (504) 326 56 46
+90 543 525 26 44
0 531 758 95 79
+90 (546) 269 62 08
0 (534) 742 29 53
05440146566
0 538 384 39 70
0 (501) 057 82 64
0 550 154 73 46
0 (541) 036 19 94
+905350318258
+90 (557) 990 69 14
+90 502 528 19 94
0 (549) 222 61 91
+90 (552) 940 89 04
05597658413
+90 (545) 555 64 48
+905085854694
+90 (501) 235 72 42
+905446174568
05554318789
05011833182
0 (539) 262 36 12
+905494514835
0 552 591 24 32
05528886028
05003117913
+90 (539) 848 64 83
+90 (544) 299 67 59
0 505 262 76 14
0 (540) 216 13 10
+90 (500) 340 75 31
+905532207121
0 (541) 852 25 30
05469946448
+90 (508) 750 38 57
+90 (547) 871 37 90
05320508863
0 (544) 639 78 34
+90 (504) 957 16 31
+90 559 332 00 66
0 (531) 792 03 43
+90 (501) 906 70 37
+905403617813
+905573574597
+905010422858
+90 (509) 385 34 98
+90 547 628 76 36
0 (533) 145 08 57
0 (545) 779 54 73
05495159397
+905344577767
+90 (546) 156 88 05
+90 539 795 07 64
0 504 493 79 73
+905380233122
0 (558) 755 77 74
0 532 376 79 04
+90 (556) 146 45 17
05329321833
+905030862676
0 (501) 035 05 23
05300412352
+905348090530
+905535364705
+90 (532) 209 23 40
0 (552) 634 18 79
05516189568
+905528203821
+905051327246
+90 508 686 92 30
+90 (558) 507 88 20
+905358089619
0 (536) 451 39 84
0 534 359 48 68
0 541 551 03 46
+90 542 423 06 85
+905015343087
+905421619038
+905404503947
0 548 223 93 68
0 537 869 36 96
+90 (507) 431 97 01
0 500 249 20 75
+905553902384
+905546861433
0 (509) 893 80 86
0 538 984 37 36
+905094642265
+90 (504) 541 26 26
0 502 080 49 83
+90 541 037 68 55
05352173252
+905585705306
0 (539) 314 54 68
05429369697
0 (555) 358 64 08
+90 504 467 76 88
+905513900720
0 (505) 170 73 61
+90 (558) 871 07 73
+90 548 683 19 67
05039594211
+90 502 510 99 70
+90 551 852 83 77
+90 (506) 626 71 79
05572902224
+90 531 184 39 57
+905489555358
+90 (556) 806 47 50
+90 504 348 05 79
+905572354388
0 500 950 71 37
0 544 952 84 22
+90 553 886 70 69
05539443368
+90 (547) 481 26 60
+90 (557) 912 02 20
+905505413978
+90 (540) 786 37 58
+905353461125
0 508 394 64 24
+90 (504) 415 56 26
0 (541) 881 79 73
+90 543 544 40 64
+90 547 975 33 74
0 509 004 02 38
+90 555 253 54 26
0 540 092 61 38
+90 (534) 706 07 00
+90 501 954 16 02
+90 (548) 034 45 56
0 536 571 27 05
+905492503522
+90 (552) 786 86 63
0 557 153 71 77
+905346096986
0 541 544 98 57
05547990389
05369243300
05099189341
+90 531 577 04 06
0 551 570 71 90
+90 (534) 732 87 77
+905552521349
+90 547 496 68 28
0 (549) 200 84 33
+90 (557) 024 48 61
0 541 262 86 87
0 531 997 68 93
0 (550) 870 79 91
05487983323
+905533621297
+90 545 389 57 69
+905041270061
0 (509) 027 19 25
+90 (541) 044 06 90
05358689811
+90 (551) 261 94 64
05379784626
05426272471
05414501512
05374067056
+905464664127
+90 503 650 16 86
05413019319
0 (532) 418 03 47
05012737110
+90 535 028 05 60
0 534 199 82 65
0 530 885 97 75
0 541 502 69 84
+905504619637
+905575705462
+905407681238
+905437406256
+90 546 159 38 83
+90 (533) 132 28 17
+90 546 524 09 09
+90 (540) 025 21 24
0 534 972 67 18
+90 553 556 33 00
+90 (545) 854 46 68
+90 (537) 259 28 66
+90 (537) 868 38 41
+905401814083
0 (545) 546 79 10
05589705965
0 (501) 019 83 13
05509837464
+90 (500) 980 96 61
0 (555) 563 11 08
+905417746343
+90 547 745 40 91
+90 (554) 916 31 25
+90 541 180 53 42
+90 502 826 08 01
+90 (506) 979 10 33
0 (504) 675 91 61
+90 549 206 10 91
0 539 386 32 65
+905321652328
0 (500) 695 74 12
05479137309
0 (559) 677 77 00
+90 (538) 958 85 72
0 (541) 598 33 95
+90 559 275 55 19
0 507 609 58 90
0 501 639 05 24
0 553 965 84 08
0 (536) 603 43 42
0 (543) 459 87 83
05045291181
05524483434
+90 501 283 20 23
05466461294
+905098341876
+90 549 069 32 97
+90 (543) 091 11 84
0 545 248 08 32
+905066088319
+905534449854
+90 (534) 456 63 84
05386125368
+90 546 428 41 76
+90 (549) 431 65 05
+90 537 816 93 04
+905420645029
+90 541 354 34 40
0 (557) 459 89 40
+90 500 893 93 17
+90 (532) 148 44 36
+90 530 827 05 25
+905074256222
05474730503
0 (553) 810 51 94
+90 (501) 915 00 46
+90 (505) 396 72 08
0 550 087 28 21
+90 530 401 36 45
0 (509) 602 22 44
+90 (500) 876 10 66
0 (555) 212 32 83
0 (502) 411 50 83
+905474601581
+90 (537) 842 47 49
0 (503) 466 02 02
+905078507418
05313771132
05041284037
+905359574514
05398987548
+90 (554) 742 63 29
0 544 692 95 43
05314495410
0 (543) 043 78 90
+90 554 539 56 62
+90 (544) 590 44 55
0 535 181 50 01
0 (553) 130 54 30
+905484461531
+90 506 630 56 02
05303615581
0 503 631 14 21
+90 (543) 030 51 94
+905503925780
0 (554) 156 83 65
+90 (530) 121 04 19
0 500 041 83 72
+905045829313
+90 (547) 287 32 34
0 (553) 347 98 33
0 (550) 960 48 55
+905366535033
+90 (507) 256 57 80
+90 (535) 698 31 89
+905079831381
0 (533) 722 18 73
05535870171
0 (542) 748 85 53
05504807926
+905351856857
+905413700160
+905470956466
05564302784
0 509 028 06 70
0 533 197 50 94
0 536 842 71 59
05497765598
05585735994
+905423527960
05349928386
0 505 384 56 70
+905059639794
05494803426
0 (540) 382 79 22
0 (533) 053 26 70
05040717010
0 548 560 72 44
0 543 066 24 19
+905596167208
+90 (559) 940 69 97
05020592417
05379682844
+90 (551) 701 28 90
+90 (553) 618 88 91
05342037629
0 540 821 69 22
0 530 883 41 46
+905496360762
+90 (502) 084 99 61
0 535 694 35 34
0 (545) 891 51 13
+90 (550) 443 59 71
+905405550180
05409120543
+90 530 974 30 38
+90 531 334 55 00
0 530 761 79 21
0 508 396 33 05
0 (505) 526 96 02
+905075285290
+90 540 792 72 98
05360974108
+90 501 231 76 07
+90 530 894 24 42
05396497630
0 (554) 244 33 83
0 546 606 58 22
0 (531) 640 14 41
+90 503 121 23 29
0 542 149 85 03
+90 (538) 343 45 76
05341018728
05096072947
+905347523907
05504296538
+90 539 134 25 98
0 556 694 74 40
+90 (541) 881 53 57
0 (501) 197 24 29
0 (551) 090 66 27
+90 (543) 659 85 81
0 545 801 39 54
0 502 204 40 09
0 (502) 197 91 76
+905393259262
0 (538) 406 16 21
0 544 084 25 70
+90 531 146 59 36
+90 551 305 75 72
0 537 266 94 62
+905469065207
+90 (504) 195 89 10
05048363828
0 545 126 49 70
+90 (550) 980 13 20
0 505 102 12 12
0 (555) 722 31 40
+90 (534) 598 29 40
+90 (506) 875 77 79
+90 (536) 977 47 51
+905473469225
+90 532 666 05 42
+905012808870
+90 542 119 55 42
05363588462
+90 508 253 75 66
+90 (507) 639 11 98
0 550 089 77 73
05355270351
+905416451350
0 (539) 171 66 55
+905038390829
0 542 905 23 34
+905319605097
0 538 468 15 98
0 (548) 419 30 19
+90 544 565 45 96
+90 (501) 303 17 01
0 (530) 917 83 55
0 553 989 05 23
0 (537) 760 50 33
+90 553 323 60 90
+90 (553) 438 96 04
+905551822296
0 (547) 710 04 56
05535756477
0 507 454 17 70
+905460680875
+90 540 630 69 46
+905061787111
0 (559) 068 32 45
0 (536) 199 63 32
+90 546 968 39 41
05525811546
05046250638
+90 (548) 964 77 18
+90 530 130 73 72
+905523669854
+90 (504) 599 14 43
0 (554) 043 90 60
0 (501) 615 91 66
0 530 255 30 36
+90 546 961 94 35
+905096296952
+905357179130
+90 534 106 04 89
0 (535) 546 18 35
0 (537) 465 30 45
+905544179793
0 551 238 70 38
05002951203
0 (532) 857 22 95
05083291940
0 (545) 981 10 76
+905058890115
+905067630029
0 504 561 02 62
0 (550) 198 76 48
+905438288039
+90 (557) 158 07 96
+90 (556) 773 98 14
+90 (556) 816 54 23
05011905203
+905023088286
0 501 903 17 79
05587363668
+90 503 753 71 74
05354532686
0 (550) 690 30 92
+90 534 678 12 88
05050019333
05321571790
0 503 972 28 03
0 (546) 398 38 02
+905502983843
+90 (502) 566 14 69
+90 545 360 12 43
0 (546) 947 10 39
+90 544 059 18 26
0 (544) 414 80 41
+905385418761
+90 540 271 87 33
0 548 787 97 83
0 542 303 83 17
0 503 954 65 05
+90 541 184 49 72
0 504 806 32 94
0 537 321 34 62
+90 (509) 917 70 88
05363122373
05462419363
+905415857631
0 (533) 532 55 13
05582102798
+90 (533) 816 85 78
0 (556) 128 13 01
+90 506 575 09 44
+905564396454
0 537 308 35 93
+90 (558) 249 27 17
0 (550) 000 91 52
+905379565739
+90 549 938 16 93
+905594332919
0 532 516 19 31
0 549 155 66 47
0 (509) 766 25 72
+905305849907
0 533 555 96 24
0 (532) 189 26 47
+90 (507) 519 45 05
0 502 506 04 45
+90 (506) 414 37 73
+90 542 894 02 86
0 554 423 94 82
05355690500
+90 (553) 234 17 70
+905590552114
+905433760781
+90 (544) 416 57 89
+90 540 279 41 72
05487609513
+90 507 899 72 01
+90 (531) 045 43 86
0 (506) 527 50 17
+90 (506) 781 57 72
0 (558) 774 63 99
0 (540) 767 60 45
0 (501) 598 28 24
0 (555) 282 98 83
+90 (532) 981 05 21
05522135790
+90 545 547 96 24
+905535099111
+90 551 434 54 46
+905547965252
+90 551 427 36 17
+90 (555) 691 14 10
+90 500 042 15 23
0 554 976 25 14
0 (501) 454 85 48
+90 (541) 277 28 33
+90 548 535 93 03
+905520421289
0 (501) 035 46 11
+90 (559) 905 19 02
0 (543) 704 66 16
+905000905392
+90 (501) 870 72 23
+905536762850
+905310860161
0 554 913 02 80
0 (553) 454 77 48
0 509 412 93 85
+90 (540) 544 80 55
+905061761563
05407031594
+905301197662
+90 (530) 886 73 25
+90 556 625 69 72
+90 (556) 633 35 96
+90 (543) 808 49 43
0 (537) 912 16 56
0 504 727 93 76
0 533 331 94 93
05422422455
+905574439455
0 548 714 78 27
+905547888421
05017454914
05334669160
+90 (530) 681 10 13
05551133203
+90 532 884 31 04
+905578882945
0 (532) 664 51 81
0 (501) 587 11 04
+90 (534) 225 74 99
+905552986485
0 (552) 710 92 65
+90 548 848 25 11
0 (538) 827 47 28
+90 538 402 56 49
0 551 908 31 28
0 (502) 445 97 95
+905342496111
+90 555 266 01 79
+90 540 311 48 37
+905396028574
+90 (500) 662 93 29
05544943253
05085789984
0 557 658 75 78
0 551 593 10 45
+90 (533) 983 03 79
0 502 963 18 60
0 502 288 75 61
+905589924385
0 (533) 656 22 59
+905096380451
05072189907
0 507 758 96 14
+90 531 712 63 23
0 559 110 22 44
+90 (500) 911 34 93
+90 508 391 93 60
0 (550) 471 18 36
05519919911
0 (556) 855 52 61
+90 (537) 182 40 16
+905305985897
0 537 898 78 12
05441782610
0 537 135 50 28
05441181492
+905455416331
0 505 353 77 85
0 556 494 91 87
05516100221
+90 (553) 939 16 72
0 555 208 12 40
+905405632348
+90 541 924 93 95
+90 (546) 897 80 92
+90 536 368 56 22
+90 530 162 06 19
0 533 312 27 56
0 (557) 874 82 44
+905089488166
+90 559 692 54 11
+90 549 709 72 08
0 (507) 969 32 37
+90 505 786 59 80
0 545 651 41 73
+90 541 513 13 18
0 (547) 322 85 29
+905439899456
05447670776
05587655157
+90 542 552 09 86
05374498123
+90 (501) 823 42 39
0 (500) 093 28 35
+90 (509) 954 64 43
+905381187593
05052849947
0 (554) 617 99 92
+905586656386
+90 (508) 676 85 54
05340050715
+90 (535) 242 29 81
+90 532 664 85 12
05387697002
+905444217390
0 531 000 60 24
0 539 681 56 89
0 (500) 400 23 00
05083671113
+90 (500) 875 13 05
0 530 089 35 40
05577837878
05443545172
+90 (552) 972 27 61
05481955117
0 (550) 198 42 07
05017219394
05404491896
+905504237613
+90 (501) 958 03 43
0 (558) 896 20 11
05579192521
+90 (558) 405 58 13
0 (506) 620 51 48
0 558 318 70 05
+90 553 631 23 15
+90 556 591 68 71
+90 (556) 983 49 29
05557716101
05583822404
+905028248819
+905550261878
+90 (502) 632 08 78
+905433942862
+90 557 025 88 52
0 (558) 283 90 17
05505901724
+90 (533) 673 56 34
+905547438459
0 (552) 672 84 47
05577648558
05398517404
0 509 647 44 90
+905319654654
+90 544 998 50 95
+90 (505) 058 38 18
0 535 470 89 17
+90 532 859 60 77
0 502 738 85 90
+90 535 245 00 95
05427690710
0 552 818 54 13
+905528233561
05523805564
+90 536 566 98 53
+90 (542) 450 94 32
0 504 020 34 43
+90 558 167 05 19
+90 531 099 40 79
+90 554 676 36 82
05382645892
0 (544) 146 85 78
+90 538 366 28 27
+90 (544) 670 06 98
0 (506) 180 78 44
0 (532) 026 92 68
+90 (545) 130 63 35
+905474438581
+90 (544) 857 58 53
05513738119
+90 503 415 89 34
05536889797
+905452716562
+90 (531) 981 76 92
+90 (507) 819 01 01
05068028484
05336139601
+90 558 769 56 01
+90 538 905 09 43
+905506249938
+905386042642
05354304041
05096836408
+90 (554) 338 19 48
0 501 209 59 62
0 (534) 603 24 50
+90 (530) 928 59 91
0 (537) 342 08 97
+90 535 579 59 15
+905483961392
0 (545) 057 62 65
05085977098
0 506 740 80 16
05440319420
+90 547 038 53 36
0 (556) 685 25 48
+90 536 842 02 04
+905389706446
+905013905757
+90 551 521 32 03
0 546 227 63 55
0 (546) 722 67 11
0 559 130 93 56
+905364669296
+905025897472
+90 548 168 84 47
0 558 945 28 25
0 502 649 25 22
05096876186
0 (535) 961 09 89
0 509 733 17 61
0 (538) 132 99 66
05393879774
05447586445
0 (548) 684 25 96
+905499013576
+90 552 011 84 16
+905058162654
+90 (555) 563 76 30
+905545182781
+90 556 471 81 05
05532208001
05392858203
+90 534 678 45 36
0 541 893 90 53
+90 (549) 085 08 65
+90 (532) 195 14 07
+90 (551) 246 87 11
+905543717353
+90 (557) 802 22 07
05377120091
0 (506) 211 84 61
+905465957805
+90 546 430 09 12
+90 (538) 357 30 01
0 505 572 92 73
+90 531 967 66 98
+905060951619
0 534 556 76 49
0 554 643 32 24
05376907433
0 (542) 327 98 99
+90 (550) 825 33 77
05476418885
05416860995
0 552 519 80 81
+90 536 961 51 38
0 552 254 98 45
0 538 781 60 80
0 (558) 609 14 42
+905086329943
05466853135
+905563961246
0 500 709 81 71
0 (531) 503 98 99
05349424411
05476845858
+90 (507) 922 33 22
+905519664230
+90 537 401 14 93
+90 (553) 819 68 84
0 558 639 46 68
+905345896235
0 (543) 551 07 36
+905014037392
+90 (537) 829 86 60
0 501 411 68 11
+90 (555) 971 77 51
0 (509) 726 19 31
+905009010992
+905424561138
+90 557 202 65 59
+905533107107
+90 (552) 818 32 42
0 557 180 77 45
0 504 268 05 34
0 (550) 464 35 54
+90 550 831 74 46
0 541 850 03 12
05001814925
+90 (506) 084 69 99
+90 538 475 53 57
+905341737857
+905422673787
0 (550) 474 30 64
0 546 188 56 56
+90 (542) 176 38 56
0 (558) 595 85 69
05598515196
0 (541) 434 65 01
0 553 485 70 48
05014257015
+90 (532) 433 02 36
0 (538) 848 34 42
0 (542) 739 70 97
+905002989177
0 547 091 24 88
+905338670181
+905433557856
+90 (534) 001 50 86
0 (546) 234 96 96
0 539 776 42 70
+90 (557) 535 37 31
05004901592
0 534 391 97 95
0 (551) 837 07 76
05569414652
0 508 259 34 86
0 554 628 41 78
0 (548) 839 50 34
+90 552 848 04 07
05320062678
+905065299716
05521495535
0 534 944 27 91
0 504 974 45 89
0 (544) 240 01 94
0 544 187 71 68
0 (546) 139 27 13
0 559 682 20 80
0 (543) 792 98 67
0 (530) 214 36 20
0 558 745 57 97
0 (536) 310 40 06
0 (535) 359 87 80
0 (542) 819 71 84
+90 (536) 387 83 82
0 (508) 413 02 33
+905001029364
+905430613679
+90 533 980 18 81
+90 542 437 68 70
+90 (552) 639 67 54
+905463553906
+90 553 359 10 33
0 504 342 62 20
0 (532) 876 51 77
0 509 279 77 58
0 544 740 16 20
+905017641312
+90 540 538 48 18
+90 549 520 16 62
05469871855
+90 556 159 10 21
0 (546) 348 71 85
0 506 531 66 45
+905030083804
0 534 134 17 08
0 549 535 15 49
+90 542 593 51 19
0 (530) 757 75 28
+905328681604
0 532 428 55 05
0 506 004 21 65
0 546 096 48 30
+905552584168
0 505 970 14 42
05525553849
+90 502 740 03 82
+90 536 697 84 06
05515634546
+905380449185
+905514395391
+905349763645
0 (506) 895 74 83
05562720190
0 (553) 077 12 00
0 531 274 68 86
+90 540 972 48 86
05440497749
+90 548 721 11 06
0 546 569 83 48
0 545 312 41 51
+90 550 806 98 37
0 547 017 44 07
+90 (554) 018 04 84
0 550 049 73 09
+90 (558) 354 82 95
+905395026270
05358231430
+90 (546) 810 58 44
0 (557) 955 59 79
+90 501 608 10 04
+90 500 734 70 62
+90 538 542 39 61
0 531 696 79 46
+905359134719
0 (552) 142 10 77
05044656533
+90 502 338 65 31
0 (538) 500 75 22
0 (553) 340 06 65
05552502732
+90 (547) 170 85 03
+90 (549) 433 34 58
0 503 363 97 42
05097434679
0 543 917 52 81
0 (553) 491 02 65
+90 (537) 096 30 39
0 547 711 20 25
+90 (508) 977 17 63
05087184765
+90 (500) 419 33 68
+905584809871
+905317062720
05055629130
0 (536) 232 22 84
05368928681
+90 559 042 19 02
+90 546 198 04 89
+90 531 659 75 36
0 (559) 138 96 90
05442829720
05031336803
0 559 498 17 90
+90 547 516 21 88
05048899780
+90 (552) 060 16 43
0 (540) 588 49 03
0 (557) 674 93 61
+90 536 061 29 44
05494150400
+90 508 672 85 95
0 533 193 36 98
+90 509 052 42 70
05088461891
+905436686014
05398567459
+90 535 137 60 73
05353595581
0 533 775 73 09
+90 507 719 50 17
05069075613
0 548 828 05 51
+905585842835
0 (504) 376 03 10
+905062593656
+90 538 465 69 81
+90 534 940 34 24
0 (501) 091 29 64
05355776263
0 555 598 30 12
0 (555) 271 40 16
05373999045
+90 530 955 24 56
05411053074
0 (532) 223 86 35
05555962853
0 (532) 247 04 58
0 (532) 536 77 39
0 539 760 38 14
+90 508 616 15 08
0 (536) 997 91 09
05585761060
+90 541 528 06 93
+90 (550) 009 93 96
05027234376
0 501 968 42 67
+90 537 927 35 32
0 (506) 215 06 31
05359484821
+905437909803
+90 555 768 63 54
05443800857
+905348012396
05593242856
05026432023
0 (541) 989 43 02
+90 (534) 010 30 14
+905542949594
+90 540 157 85 73
05563473379
+90 (556) 132 22 09
+90 (557) 228 44 96
0 537 268 43 41
0 535 645 66 64
+90 537 105 22 16
05468851567
+905387455009
05383168205
0 533 248 36 99
+90 542 978 72 88
+90 509 743 69 41
+905305657169
0 538 543 69 06
+90 (505) 447 96 38
0 (548) 584 72 45
+90 (555) 638 22 68
+905516553773
+905320853927
+905530434126
+90 541 030 18 31
+90 549 723 14 29
+905337929327
0 504 764 63 53
+90 (550) 397 60 69
05004947479
+90 507 670 11 74
05454087779
0 (554) 611 02 36
+905364299410
+90 544 617 93 44
0 509 327 54 30
+905318466001
05572834840
+90 540 155 05 68
+90 536 551 03 22
0 (547) 199 01 42
0 539 465 99 32
+90 538 520 69 49
0 (532) 163 90 77
+90 534 644 84 04
+905501080631
05590385494
05308265326
+90 (503) 464 95 39
+905366665692
0 549 306 90 28
0 549 267 26 60
+90 503 054 84 57
+905569269101
+905589941397
+90 (539) 630 78 90
0 (547) 112 20 90
+90 541 181 35 90
05504693706
0 (547) 144 94 06
+90 531 361 37 01
+905487181894
+90 (553) 666 96 18
+90 (509) 241 92 36
0 (551) 831 01 27
0 546 915 87 38
0 (559) 832 23 20
0 (506) 029 36 43
+905518545484
0 (533) 349 68 42
05306745135
+90 (541) 137 13 92
+90 (534) 785 23 57
+90 537 656 83 82
0 (555) 112 32 42
0 (546) 555 13 31
+90 557 221 04 93
05083714430
05507876735
+90 504 192 98 68
0 (548) 086 31 23
0 (547) 847 54 50
05010376932
0 553 299 05 41
0 547 106 08 00
0 502 103 36 19
+90 (553) 498 40 30
+90 (542) 153 38 48
+90 (558) 412 05 38
+90 (539) 001 95 74
05560050214
+905517098711
05507676673
+905494729723
0 509 228 06 58
+90 555 651 18 67
05557315775
+90 535 676 61 63
0 554 106 87 11
0 (506) 527 04 97
+90 503 184 65 72
0 (539) 914 15 97
+90 (534) 260 44 83
0 (508) 313 95 44
+90 (542) 594 54 69
05048005992
0 (543) 744 71 05
+90 (559) 953 50 00
+90 (554) 243 18 50
05386192543
+905082170426
05583469664
+90 548 462 63 54
+905594198374
0 536 655 59 41
05494464287
05466108114
0 549 616 25 22
+90 (531) 241 31 62
+90 537 064 65 81
0 (538) 462 10 86
0 553 332 58 25
0 (504) 723 19 16
0 508 206 05 88
+90 (507) 901 15 38
05394827723
+90 (551) 558 39 23
+905080103861
0 507 730 49 19
+90 544 938 82 43
0 531 552 35 83
+905391056205
+90 554 563 02 12
05421594973
0 (505) 589 69 57
+90 (530) 919 60 94
0 (554) 167 66 08
0 (549) 073 84 37
05407015434
0 505 603 39 79
0 533 030 99 92
+905520068559
0 533 856 53 61
+90 (558) 037 90 57
0 (544) 207 12 37
0 557 398 41 89
0 (544) 678 63 10
0 550 167 00 25
0 506 486 79 78
0 (553) 290 24 57
05347397311
0 532 181 20 31
+905473253731
0 (539) 599 21 10
+90 (552) 194 91 60
+90 554 137 50 23
0 (553) 751 09 22
+90 (547) 519 37 75
0 (545) 351 03 48
0 557 186 58 49
+90 (549) 418 15 75
+90 (500) 831 34 17
0 (507) 535 14 95
+905552757742
05364098033
+90 (557) 750 63 10
05051173435
+90 (537) 163 20 63
0 (535) 116 60 89
+905355756947
0 (503) 025 82 05
+90 (551) 335 48 72
0 (548) 632 57 24
0 (544) 086 94 71
0 (536) 714 87 59
0 553 488 60 40
+905450123127
+905457305060
05017117739
0 550 008 29 99
0 (545) 993 17 76
0 (534) 212 26 62
+90 548 327 08 59
0 552 146 22 10
+905539832005
05019125806
+90 (530) 364 94 29
+90 550 537 79 19
+905363037966
+905048791670
+90 (537) 812 34 36
05005401160
0 506 796 91 11
+905058474806
0 535 153 34 21
+90 (549) 526 37 02
+90 (548) 878 93 26
0 557 675 79 31
05450300918
0 548 691 31 76
+90 509 338 54 44
+905070385322
0 558 685 39 33
+90 (530) 657 61 86
+905401439704
0 547 860 66 55
0 (558) 596 71 60
05423587349
+905579624438
+905596684059
0 534 802 26 86
05091636355
+90 531 431 54 35
+90 530 094 04 23
05548427680
0 (501) 458 14 01
+90 (536) 583 68 24
+90 (553) 263 79 52
+90 509 953 27 98
0 544 539 02 84
0 546 358 37 85
+90 557 574 88 41
05426530100
+90 501 390 20 49
+90 557 498 71 46
+905556054870
+90 507 870 35 57
+90 (545) 393 34 97
0 502 902 51 87
+90 (540) 837 70 09
+905374238396
+905077278331
+90 536 234 14 71
0 541 990 64 37
0 535 881 51 89
+90 536 750 09 17
+905057417677
+90 534 218 40 81
+90 531 119 03 01
05343198245
+905307690459
+90 (502) 119 67 41
+90 559 657 50 56
05423643165
05481013571
+905397688738
0 539 429 37 07
+905572732561
+90 (531) 725 75 91
+90 531 222 71 89
+905426395521
0 505 103 82 37
05589769334
+90 549 062 95 47
05401971377
0 (537) 322 42 72
+90 537 897 54 96
+905560108091
05010611347
0 547 399 73 66
0 505 052 55 34
+90 531 348 11 75
0 (556) 035 21 12
+90 (558) 520 61 30
0 (550) 190 84 65
0 (542) 751 78 46
+90 (530) 992 47 06
0 535 268 57 03
0 541 680 14 10
+905002879896
+90 504 473 41 02
+905416618125
+90 (543) 475 24 32
+905595904658
+90 544 061 70 08
0 (554) 487 09 52
+905530244847
+90 540 100 85 57
+905549723976
0 (552) 981 36 78
0 502 523 90 07
+905386453233
0 (533) 638 45 43
+90 547 757 29 36
05530221275
0 (548) 256 56 72
0 (532) 932 66 68
+905058096631
+90 501 933 36 72
05415037864
05302559965
0 (554) 620 86 01
0 534 511 97 48
+90 552 806 96 72
+905409244568
+90 505 462 74 18
05049953651
0 (553) 851 89 83
0 (551) 464 41 72
0 507 139 07 57
+905324543061
+90 (538) 931 72 37
0 (508) 739 28 81
+90 554 005 34 61
+90 (552) 933 31 94
05525548992
05531362945
0 (536) 591 93 27
+90 (532) 661 95 08
0 (557) 359 28 93
+90 536 270 77 77
+90 500 642 47 11
+90 (557) 896 05 73
+90 (540) 938 70 37
0 (552) 728 18 97
+905008388774
05521100153
05362560330
0 550 235 27 82
+905394584020
0 506 996 56 10
0 549 004 64 63
05057304951
0 (557) 549 63 05
+90 538 104 11 43
+905344273422
+90 (506) 734 86 81
0 548 161 09 74
0 506 858 94 89
+90 535 651 48 44
05327254864
+90 508 621 42 72
+90 544 635 11 34
0 (501) 477 45 09
+90 (508) 210 51 40
0 (544) 667 93 70
05475873986
+90 (502) 086 25 52
+90 505 739 86 59
+90 (533) 798 80 46
+90 (552) 912 00 48
05503149117
+905049797436
0 558 601 65 24
+905493491230
+90 546 946 50 58
+905508426196
0 (551) 731 80 24
0 500 258 94 99
0 (548) 261 82 58
+90 (502) 356 77 07
05329681836
0 554 394 44 38
+90 (535) 243 37 40
+90 558 697 94 65
+90 534 833 67 17
0 (549) 935 91 89
+905341633430
+905369613479
+90 535 731 97 17
0 536 654 21 64
05431103722
0 534 478 39 48
+905479169782
0 559 477 27 09
+90 559 654 15 97
0 (550) 275 28 13
+905482416327
0 548 537 30 16
+90 548 769 43 26
05098181668
05306813323
+90 554 160 98 61
+90 503 922 36 64
+905475875729
+90 (553) 762 85 46
05467142069
+90 553 929 46 63
0 (547) 854 64 79
+90 (539) 556 40 94
+905051766085
+90 547 714 45 86
+90 (509) 003 62 81
+905440074989
0 559 378 67 66
05350642204
05098884800
0 536 880 00 78
+90 (553) 007 96 65
0 (549) 134 83 15
+90 (550) 786 29 23
+905594496332
+90 505 153 40 13
+90 530 332 47 07
0 (508) 363 11 77
0 541 425 59 30
+905398837251
05403036702
05415513331
+90 (546) 390 75 41
+90 (550) 790 30 60
+90 (558) 989 51 33
05062058303
+90 (505) 841 54 70
+90 (551) 550 71 12
+905415110198
05086962840
+90 535 356 29 75
05345459733
+905035470849
0 (534) 434 77 96
+90 542 734 17 67
0 (531) 311 55 29
05509488587
+90 537 775 19 57
+90 544 480 63 32
+90 (546) 832 20 35
+90 503 999 74 46
+90 556 093 53 58
0 542 435 62 73
+90 509 657 40 09
+90 530 788 86 36
+905561561198
+90 540 873 24 90
0 (559) 749 61 11
05537461999
+905532701492
+90 (558) 744 88 99
+90 (544) 611 17 22
+905507165275
0 553 902 48 87
+90 (537) 440 97 40
0 547 607 59 21
0 547 949 24 97
+905436290631
+905599847841
+905344308409
+905407303887
+90 538 251 04 32
0 (500) 725 07 29
+90 (549) 197 83 50
0 534 495 86 16
+905514394726
+905472833139
+905485423900
0 (535) 042 64 76
0 (506) 398 62 77
05476151785
0 550 824 94 34
+90 (556) 029 47 92
+90 (549) 224 06 78
0 505 086 03 76
05466249328
+90 509 368 16 52
+905498635583
05334080480
05396095527
